0.000000	0.000003
0.000050	0.000000
0.000099	-0.000003
0.000149	0.000001
0.000199	-0.000004
0.000248	-0.000003
0.000298	0.000006
0.000348	-0.000000
0.000398	-0.000003
0.000447	0.000007
0.000497	0.000004
0.000547	-0.000003
0.000596	0.000002
0.000646	-0.000002
0.000696	-0.000004
0.000745	0.000002
0.000795	-0.000001
0.000845	-0.000001
0.000894	0.000005
0.000944	-0.000001
0.000994	-0.000006
0.001043	0.000002
0.001093	-0.000003
0.001143	-0.000007
0.001193	0.000002
0.001242	-0.000000
0.001292	-0.000004
0.001342	0.000003
0.001391	-0.000001
0.001441	-0.000006
0.001491	0.000002
0.001540	-0.000001
0.001590	-0.000006
0.001640	0.000003
0.001689	0.000001
0.001739	-0.000004
0.001789	0.000002
0.001839	0.000001
0.001888	-0.000004
0.001938	0.000002
0.001988	0.000001
0.002037	-0.000003
0.002087	0.000005
0.002137	0.000003
0.002186	-0.000002
0.002236	0.000003
0.002286	0.000000
0.002335	-0.000005
0.002385	0.000001
0.002435	-0.000002
0.002484	-0.000006
0.002534	0.000001
0.002584	0.000001
0.002634	-0.000000
0.002683	0.000004
0.002733	-0.000000
0.002783	-0.000005
0.002832	0.000002
0.002882	-0.000003
0.002932	-0.000005
0.002981	0.000003
0.003031	-0.000001
0.003081	-0.000004
0.003130	0.000004
0.003180	0.000000
0.003230	-0.000004
0.003280	0.000002
0.003329	-0.000003
0.003379	-0.000006
0.003429	0.000002
0.003478	-0.000002
0.003528	-0.000004
0.003578	0.000005
0.003627	-0.000000
0.003677	-0.000004
0.003727	0.000004
0.003776	-0.000001
0.003826	-0.000005
0.003876	0.000002
0.003925	0.000000
0.003975	-0.000002
0.004025	0.000004
0.004075	-0.000001
0.004124	-0.000004
0.004174	0.000002
0.004224	-0.000002
0.004273	-0.000002
0.004323	0.000005
0.004373	-0.000001
0.004422	-0.000001
0.004472	0.000005
0.004522	-0.000001
0.004571	-0.000003
0.004621	0.000004
0.004671	-0.000001
0.004720	-0.000000
0.004770	0.000004
0.004820	-0.000001
0.004870	-0.000000
0.004919	0.000004
0.004969	-0.000005
0.005019	-0.000001
0.005068	0.000002
0.005118	-0.000007
0.005168	-0.000000
0.005217	0.000006
0.005267	-0.000001
0.005317	0.000001
0.005366	0.000004
0.005416	-0.000003
0.005466	-0.000001
0.005516	0.000001
0.005565	-0.000007
0.005615	-0.000000
0.005665	0.000005
0.005714	-0.000001
0.005764	0.000002
0.005814	0.000005
0.005863	-0.000001
0.005913	0.000003
0.005963	0.000003
0.006012	-0.000004
0.006062	0.000002
0.006112	0.000001
0.006161	-0.000002
0.006211	0.000006
0.006261	0.000003
0.006311	-0.000002
0.006360	0.000004
0.006410	0.000001
0.006460	-0.000004
0.006509	0.000003
0.006559	0.000003
0.006609	0.000004
0.006658	0.000007
0.006708	-0.000000
0.006758	-0.000000
0.006807	0.000002
0.006857	-0.000004
0.006907	-0.000002
0.006957	0.000006
0.007006	-0.000001
0.007056	0.000002
0.007106	0.000005
0.007155	-0.000002
0.007205	0.000001
0.007255	0.000002
0.007304	-0.000005
0.007354	0.000001
0.007404	0.000005
0.007453	-0.000002
0.007503	0.000004
0.007553	0.000004
0.007602	-0.000005
0.007652	0.000001
0.007702	0.000000
0.007752	-0.000004
0.007801	0.000003
0.007851	0.000003
0.007901	-0.000001
0.007950	0.000005
0.008000	0.000001
0.008050	-0.000000
0.008099	0.000005
0.008149	-0.000002
0.008199	-0.000003
0.008248	0.000004
0.008298	-0.000004
0.008348	-0.000004
0.008398	0.000004
0.008447	0.000001
0.008497	0.000001
0.008547	0.000005
0.008596	-0.000001
0.008646	0.000002
0.008696	0.000005
0.008745	-0.000004
0.008795	0.000002
0.008845	0.000006
0.008894	-0.000003
0.008944	0.000002
0.008994	0.000006
0.009043	0.000001
0.009093	0.000004
0.009143	0.000003
0.009193	-0.000000
0.009242	0.000004
0.009292	-0.000001
0.009342	-0.000004
0.009391	0.000003
0.009441	-0.000001
0.009491	-0.000001
0.009540	0.000003
0.009590	-0.000002
0.009640	-0.000002
0.009689	0.000004
0.009739	-0.000001
0.009789	0.000001
0.009839	0.000005
0.009888	-0.000003
0.009938	0.000003
0.009988	0.000005
0.010037	-0.000002
0.010087	0.000004
0.010137	0.000006
0.010186	0.000000
0.010236	0.000006
0.010286	0.000003
0.010335	-0.000000
0.010385	0.000006
0.010435	0.000002
0.010484	0.000001
0.010534	0.000005
0.010584	0.000000
0.010634	0.000003
0.010683	0.000006
0.010733	-0.000002
0.010783	0.000001
0.010832	0.000005
0.010882	-0.000001
0.010932	0.000001
0.010981	0.000003
0.011031	-0.000003
0.011081	0.000002
0.011130	0.000001
0.011180	-0.000001
0.011230	0.000007
0.011280	0.000003
0.011329	-0.000002
0.011379	0.000006
0.011429	0.000001
0.011478	-0.000003
0.011528	0.000002
0.011578	-0.000000
0.011627	0.000000
0.011677	0.000004
0.011727	-0.000001
0.011776	0.000002
0.011826	0.000005
0.011876	-0.000002
0.011925	0.000002
0.011975	0.000004
0.012025	-0.000003
0.012075	0.000002
0.012124	0.000000
0.012174	-0.000003
0.012224	0.000004
0.012273	-0.000001
0.012323	-0.000003
0.012373	0.000004
0.012422	-0.000002
0.012472	-0.000005
0.012522	0.000002
0.012571	-0.000001
0.012621	0.000000
0.012671	0.000006
0.012720	-0.000000
0.012770	0.000004
0.012820	0.000005
0.012870	-0.000002
0.012919	0.000002
0.012969	0.000004
0.013019	-0.000001
0.013068	0.000004
0.013118	-0.000000
0.013168	-0.000003
0.013217	0.000003
0.013267	-0.000001
0.013317	-0.000001
0.013366	0.000005
0.013416	0.000001
0.013466	0.000004
0.013516	0.000006
0.013565	0.000001
0.013615	0.000002
0.013665	0.000002
0.013714	-0.000005
0.013764	0.000002
0.013814	0.000003
0.013863	-0.000002
0.013913	0.000006
0.013963	0.000005
0.014012	0.000002
0.014062	0.000004
0.014112	-0.000000
0.014161	-0.000001
0.014211	0.000004
0.014261	-0.000001
0.014311	0.000003
0.014360	0.000003
0.014410	-0.000002
0.014460	0.000007
0.014509	0.000003
0.014559	-0.000004
0.014609	0.000002
0.014658	-0.000000
0.014708	-0.000005
0.014758	0.000003
0.014807	0.000001
0.014857	-0.000001
0.014907	0.000005
0.014957	0.000000
0.015006	0.000002
0.015056	0.000004
0.015106	-0.000005
0.015155	-0.000001
0.015205	0.000005
0.015255	0.000001
0.015304	0.000004
0.015354	0.000002
0.015404	-0.000001
0.015453	0.000003
0.015503	0.000000
0.015553	-0.000000
0.015602	0.000006
0.015652	0.000001
0.015702	0.000003
0.015752	0.000006
0.015801	-0.000000
0.015851	0.000004
0.015901	0.000004
0.015950	-0.000002
0.016000	0.000004
0.016050	0.000001
0.016099	-0.000002
0.016149	0.000005
0.016199	0.000000
0.016248	-0.000001
0.016298	0.000005
0.016348	0.000001
0.016398	0.000002
0.016447	0.000002
0.016497	-0.000003
0.016547	0.000001
0.016596	0.000001
0.016646	-0.000003
0.016696	0.000003
0.016745	0.000002
0.016795	-0.000002
0.016845	0.000003
0.016894	-0.000002
0.016944	-0.000002
0.016994	0.000003
0.017043	-0.000003
0.017093	-0.000000
0.017143	0.000004
0.017193	0.000001
0.017242	0.000006
0.017292	0.000006
0.017342	0.000001
0.017391	0.000007
0.017441	-0.000000
0.017491	-0.000001
0.017540	0.000004
0.017590	-0.000001
0.017640	-0.000000
0.017689	0.000004
0.017739	-0.000002
0.017789	0.000002
0.017839	0.000003
0.017888	-0.000002
0.017938	0.000002
0.017988	-0.000000
0.018037	-0.000003
0.018087	0.000002
0.018137	-0.000003
0.018186	-0.000003
0.018236	0.000002
0.018286	-0.000005
0.018335	-0.000002
0.018385	0.000002
0.018435	-0.000004
0.018484	-0.000001
0.018534	0.000001
0.018584	-0.000003
0.018634	0.000001
0.018683	0.000002
0.018733	0.000001
0.018783	0.000006
0.018832	0.000002
0.018882	0.000001
0.018932	0.000006
0.018981	-0.000002
0.019031	0.000000
0.019081	0.000003
0.019130	0.000000
0.019180	0.000006
0.019230	0.000001
0.019280	-0.000002
0.019329	0.000005
0.019379	0.000007
0.019429	0.000007
0.019478	0.000001
0.019528	-0.000005
0.019578	0.000005
0.019627	0.000006
0.019677	-0.000001
0.019727	-0.000000
0.019776	-0.000005
0.019826	-0.000002
0.019876	0.000006
0.019925	-0.000000
0.019975	-0.000003
0.020025	0.000007
0.020075	0.000003
0.020124	0.000005
0.020174	0.000004
0.020224	0.000002
0.020273	0.000008
0.020323	0.000001
0.020373	-0.000001
0.020422	0.000008
0.020472	0.000002
0.020522	0.000001
0.020571	0.000004
0.020621	0.000001
0.020671	0.000001
0.020720	-0.000002
0.020770	-0.000004
0.020820	0.000001
0.020870	-0.000007
0.020919	-0.000009
0.020969	0.000003
0.021019	-0.000001
0.021068	-0.000005
0.021118	0.000002
0.021168	-0.000003
0.021217	-0.000011
0.021267	-0.000011
0.021317	-0.000005
0.021366	0.000003
0.021416	-0.000002
0.021466	-0.000005
0.021516	0.000003
0.021565	-0.000001
0.021615	-0.000004
0.021665	0.000002
0.021714	-0.000002
0.021764	-0.000000
0.021814	0.000004
0.021863	0.000001
0.021913	0.000008
0.021963	0.000006
0.022012	0.000002
0.022062	0.000004
0.022112	-0.000002
0.022161	0.000001
0.022211	0.000006
0.022261	-0.000003
0.022311	-0.000000
0.022360	0.000003
0.022410	0.000002
0.022460	0.000005
0.022509	-0.000001
0.022559	-0.000001
0.022609	0.000004
0.022658	-0.000003
0.022708	-0.000001
0.022758	0.000002
0.022807	-0.000003
0.022857	0.000001
0.022907	-0.000000
0.022957	-0.000005
0.023006	0.000000
0.023056	-0.000004
0.023106	-0.000005
0.023155	0.000002
0.023205	-0.000002
0.023255	-0.000002
0.023304	0.000001
0.023354	-0.000001
0.023404	0.000005
0.023453	0.000002
0.023503	-0.000006
0.023553	-0.000001
0.023602	-0.000000
0.023652	0.000001
0.023702	0.000005
0.023752	0.000001
0.023801	0.000003
0.023851	0.000001
0.023901	-0.000002
0.023950	0.000002
0.024000	-0.000001
0.024050	-0.000004
0.024099	0.000003
0.024149	-0.000000
0.024199	0.000003
0.024248	0.000005
0.024298	-0.000000
0.024348	0.000003
0.024398	-0.000000
0.024447	-0.000006
0.024497	0.000000
0.024547	-0.000001
0.024596	-0.000000
0.024646	0.000005
0.024696	-0.000000
0.024745	0.000001
0.024795	0.000001
0.024845	-0.000005
0.024894	0.000001
0.024944	0.000000
0.024994	-0.000000
0.025043	0.000004
0.025093	-0.000000
0.025143	0.000003
0.025193	0.000002
0.025242	-0.000003
0.025292	0.000002
0.025342	0.000002
0.025391	-0.000001
0.025441	0.000002
0.025491	-0.000002
0.025540	-0.000001
0.025590	0.000003
0.025640	-0.000002
0.025689	0.000002
0.025739	0.000003
0.025789	-0.000002
0.025839	0.000001
0.025888	-0.000000
0.025938	0.000003
0.025988	0.000004
0.026037	-0.000004
0.026087	0.000002
0.026137	0.000002
0.026186	-0.000004
0.026236	-0.000001
0.026286	-0.000004
0.026335	-0.000003
0.026385	0.000002
0.026435	-0.000002
0.026484	0.000000
0.026534	0.000003
0.026584	0.000000
0.026634	0.000004
0.026683	-0.000000
0.026733	-0.000002
0.026783	0.000002
0.026832	-0.000002
0.026882	0.000001
0.026932	0.000001
0.026981	-0.000002
0.027031	0.000005
0.027081	0.000004
0.027130	-0.000001
0.027180	0.000002
0.027230	-0.000000
0.027280	0.000004
0.027329	0.000003
0.027379	-0.000002
0.027429	0.000002
0.027478	0.000001
0.027528	-0.000000
0.027578	0.000006
0.027627	0.000002
0.027677	0.000001
0.027727	0.000001
0.027776	-0.000004
0.027826	0.000001
0.027876	0.000000
0.027925	-0.000002
0.027975	0.000005
0.028025	0.000004
0.028075	0.000004
0.028124	0.000004
0.028174	-0.000002
0.028224	-0.000000
0.028273	-0.000003
0.028323	-0.000001
0.028373	0.000004
0.028422	0.000000
0.028472	0.000004
0.028522	0.000007
0.028571	0.000002
0.028621	0.000005
0.028671	-0.000000
0.028720	-0.000004
0.028770	0.000002
0.028820	0.000001
0.028870	0.000004
0.028919	0.000005
0.028969	0.000002
0.029019	0.000004
0.029068	0.000001
0.029118	-0.000000
0.029168	0.000002
0.029217	-0.000002
0.029267	0.000004
0.029317	0.000006
0.029366	0.000001
0.029416	0.000003
0.029466	-0.000001
0.029516	-0.000001
0.029565	0.000001
0.029615	-0.000004
0.029665	0.000000
0.029714	0.000002
0.029764	-0.000001
0.029814	0.000006
0.029863	0.000003
0.029913	0.000002
0.029963	0.000003
0.030012	-0.000003
0.030062	0.000000
0.030112	0.000002
0.030161	0.000002
0.030211	0.000006
0.030261	0.000004
0.030311	0.000007
0.030360	0.000006
0.030410	-0.000002
0.030460	0.000001
0.030509	-0.000001
0.030559	0.000001
0.030609	0.000005
0.030658	-0.000001
0.030708	0.000004
0.030758	0.000006
0.030807	0.000001
0.030857	0.000004
0.030907	-0.000002
0.030957	-0.000003
0.031006	-0.000001
0.031056	-0.000002
0.031106	0.000004
0.031155	0.000005
0.031205	0.000004
0.031255	0.000007
0.031304	-0.000000
0.031354	-0.000001
0.031404	0.000001
0.031453	-0.000002
0.031503	0.000002
0.031553	0.000001
0.031602	0.000003
0.031652	0.000006
0.031702	0.000002
0.031752	0.000004
0.031801	0.000003
0.031851	0.000003
0.031901	0.000006
0.031950	0.000002
0.032000	0.000003
0.032050	0.000004
0.032099	0.000001
0.032149	0.000005
0.032199	0.000002
0.032248	0.000000
0.032298	0.000001
0.032348	-0.000003
0.032398	-0.000002
0.032447	-0.000001
0.032497	-0.000003
0.032547	0.000002
0.032596	-0.000002
0.032646	-0.000001
0.032696	0.000000
0.032745	-0.000005
0.032795	-0.000001
0.032845	-0.000001
0.032894	-0.000002
0.032944	0.000004
0.032994	0.000001
0.033043	-0.000001
0.033093	-0.000002
0.033143	-0.000004
0.033193	0.000002
0.033242	-0.000001
0.033292	0.000003
0.033342	0.000004
0.033391	-0.000000
0.033441	0.000001
0.033491	-0.000002
0.033540	-0.000003
0.033590	0.000000
0.033640	-0.000004
0.033689	-0.000003
0.033739	0.000000
0.033789	-0.000002
0.033839	0.000002
0.033888	0.000001
0.033938	-0.000001
0.033988	0.000002
0.034037	-0.000000
0.034087	-0.000002
0.034137	-0.000005
0.034186	-0.000006
0.034236	0.000002
0.034286	0.000003
0.034335	0.000004
0.034385	-0.000001
0.034435	-0.000003
0.034484	0.000001
0.034534	0.000001
0.034584	0.000002
0.034634	0.000002
0.034683	-0.000001
0.034733	0.000003
0.034783	-0.000000
0.034832	0.000002
0.034882	-0.000001
0.034932	-0.000002
0.034981	0.000001
0.035031	-0.000004
0.035081	0.000002
0.035130	0.000003
0.035180	0.000001
0.035230	0.000002
0.035280	-0.000004
0.035329	-0.000000
0.035379	0.000001
0.035429	-0.000003
0.035478	0.000000
0.035528	-0.000003
0.035578	-0.000001
0.035627	0.000004
0.035677	0.000000
0.035727	-0.000002
0.035776	0.000001
0.035826	-0.000003
0.035876	-0.000001
0.035925	-0.000003
0.035975	0.000002
0.036025	0.000002
0.036075	-0.000001
0.036124	0.000002
0.036174	-0.000001
0.036224	-0.000002
0.036273	-0.000001
0.036323	-0.000005
0.036373	-0.000002
0.036422	-0.000002
0.036472	0.000000
0.036522	0.000004
0.036571	-0.000001
0.036621	-0.000002
0.036671	-0.000004
0.036720	-0.000005
0.036770	0.000000
0.036820	-0.000003
0.036870	-0.000004
0.036919	0.000001
0.036969	-0.000001
0.037019	0.000000
0.037068	-0.000002
0.037118	-0.000003
0.037168	0.000001
0.037217	-0.000004
0.037267	0.000000
0.037317	0.000000
0.037366	-0.000001
0.037416	0.000002
0.037466	-0.000003
0.037516	-0.000003
0.037565	-0.000001
0.037615	-0.000004
0.037665	-0.000000
0.037714	-0.000002
0.037764	-0.000002
0.037814	0.000004
0.037863	0.000000
0.037913	-0.000001
0.037963	-0.000002
0.038012	-0.000002
0.038062	0.000001
0.038112	-0.000004
0.038161	-0.000002
0.038211	0.000002
0.038261	-0.000001
0.038311	0.000001
0.038360	-0.000002
0.038410	-0.000001
0.038460	0.000001
0.038509	-0.000003
0.038559	0.000001
0.038609	0.000001
0.038658	-0.000001
0.038708	0.000002
0.038758	-0.000001
0.038807	0.000002
0.038857	-0.000000
0.038907	-0.000002
0.038957	0.000003
0.039006	-0.000002
0.039056	-0.000000
0.039106	0.000002
0.039155	-0.000000
0.039205	0.000003
0.039255	-0.000001
0.039304	-0.000001
0.039354	-0.000000
0.039404	-0.000002
0.039453	0.000003
0.039503	0.000002
0.039553	0.000001
0.039602	0.000002
0.039652	-0.000000
0.039702	0.000002
0.039752	-0.000000
0.039801	-0.000002
0.039851	0.000000
0.039901	-0.000002
0.039950	0.000003
0.040000	0.000003
0.040050	0.000001
0.040099	0.000003
0.040149	-0.000001
0.040199	-0.000000
0.040248	-0.000001
0.040298	-0.000001
0.040348	0.000002
0.040398	0.000001
0.040447	0.000005
0.040497	0.000005
0.040547	0.000000
0.040596	0.000001
0.040646	-0.000004
0.040696	-0.000002
0.040745	0.000002
0.040795	0.000000
0.040845	0.000003
0.040894	0.000002
0.040944	0.000002
0.040994	0.000001
0.041043	-0.000003
0.041093	0.000002
0.041143	0.000000
0.041193	0.000000
0.041242	0.000002
0.041292	-0.000002
0.041342	0.000002
0.041391	0.000001
0.041441	0.000001
0.041491	0.000002
0.041540	-0.000000
0.041590	0.000003
0.041640	0.000002
0.041689	0.000001
0.041739	0.000002
0.041789	-0.000002
0.041839	0.000001
0.041888	0.000001
0.041938	0.000000
0.041988	0.000004
0.042037	0.000001
0.042087	0.000002
0.042137	0.000001
0.042186	0.000000
0.042236	0.000002
0.042286	-0.000004
0.042335	-0.000001
0.042385	0.000002
0.042435	0.000001
0.042484	0.000004
0.042534	0.000001
0.042584	0.000003
0.042634	0.000002
0.042683	-0.000002
0.042733	0.000001
0.042783	-0.000001
0.042832	0.000002
0.042882	0.000002
0.042932	-0.000000
0.042981	0.000003
0.043031	0.000001
0.043081	0.000002
0.043130	0.000001
0.043180	-0.000001
0.043230	0.000003
0.043280	0.000001
0.043329	0.000004
0.043379	0.000003
0.043429	0.000002
0.043478	0.000005
0.043528	-0.000001
0.043578	0.000001
0.043627	0.000004
0.043677	0.000002
0.043727	0.000004
0.043776	0.000002
0.043826	0.000002
0.043876	0.000001
0.043925	-0.000001
0.043975	0.000004
0.044025	0.000000
0.044075	0.000001
0.044124	0.000001
0.044174	-0.000001
0.044224	0.000002
0.044273	-0.000001
0.044323	0.000001
0.044373	0.000002
0.044422	-0.000000
0.044472	0.000001
0.044522	-0.000002
0.044571	0.000000
0.044621	0.000001
0.044671	-0.000000
0.044720	0.000003
0.044770	-0.000000
0.044820	0.000001
0.044870	0.000000
0.044919	-0.000001
0.044969	0.000002
0.045019	-0.000002
0.045068	-0.000001
0.045118	0.000000
0.045168	-0.000001
0.045217	0.000002
0.045267	0.000001
0.045317	0.000004
0.045366	0.000002
0.045416	-0.000001
0.045466	0.000001
0.045516	-0.000002
0.045565	0.000000
0.045615	0.000001
0.045665	0.000000
0.045714	0.000003
0.045764	0.000001
0.045814	0.000004
0.045863	0.000003
0.045913	0.000002
0.045963	0.000005
0.046012	0.000001
0.046062	0.000002
0.046112	0.000001
0.046161	0.000002
0.046211	0.000004
0.046261	-0.000001
0.046311	-0.000001
0.046360	-0.000001
0.046410	0.000001
0.046460	0.000002
0.046509	-0.000000
0.046559	0.000003
0.046609	0.000002
0.046658	0.000002
0.046708	0.000004
0.046758	0.000000
0.046807	0.000002
0.046857	-0.000002
0.046907	-0.000003
0.046957	-0.000000
0.047006	-0.000000
0.047056	0.000004
0.047106	0.000003
0.047155	0.000003
0.047205	0.000001
0.047255	-0.000003
0.047304	-0.000001
0.047354	-0.000002
0.047404	-0.000000
0.047453	0.000001
0.047503	0.000001
0.047553	0.000005
0.047602	0.000002
0.047652	0.000000
0.047702	-0.000000
0.047752	-0.000000
0.047801	0.000002
0.047851	-0.000001
0.047901	0.000002
0.047950	0.000004
0.048000	0.000002
0.048050	0.000004
0.048099	0.000001
0.048149	0.000000
0.048199	-0.000003
0.048248	-0.000003
0.048298	0.000000
0.048348	-0.000002
0.048398	0.000002
0.048447	0.000002
0.048497	0.000001
0.048547	0.000002
0.048596	-0.000003
0.048646	-0.000000
0.048696	-0.000001
0.048745	-0.000001
0.048795	0.000002
0.048845	0.000002
0.048894	0.000004
0.048944	-0.000001
0.048994	-0.000000
0.049043	0.000002
0.049093	-0.000002
0.049143	-0.000000
0.049193	0.000000
0.049242	0.000003
0.049292	0.000003
0.049342	0.000001
0.049391	0.000004
0.049441	0.000001
0.049491	0.000000
0.049540	-0.000001
0.049590	-0.000002
0.049640	0.000002
0.049689	-0.000000
0.049739	0.000002
0.049789	0.000001
0.049839	-0.000001
0.049888	0.000001
0.049938	-0.000002
0.049988	0.000001
0.050037	0.000000
0.050087	0.000000
0.050137	0.000002
0.050186	0.000000
0.050236	0.000002
0.050286	0.000001
0.050335	0.000001
0.050385	0.000002
0.050435	0.000000
0.050484	0.000002
0.050534	-0.000000
0.050584	0.000003
0.050634	0.000005
0.050683	0.000004
0.050733	0.000006
0.050783	0.000002
0.050832	0.000003
0.050882	-0.000001
0.050932	-0.000003
0.050981	0.000002
0.051031	0.000002
0.051081	0.000006
0.051130	0.000005
0.051180	0.000006
0.051230	0.000005
0.051280	0.000001
0.051329	0.000000
0.051379	-0.000004
0.051429	-0.000001
0.051478	0.000000
0.051528	0.000001
0.051578	0.000005
0.051627	0.000005
0.051677	0.000005
0.051727	0.000001
0.051776	-0.000002
0.051826	0.000000
0.051876	-0.000002
0.051925	0.000001
0.051975	0.000001
0.052025	0.000005
0.052075	0.000007
0.052124	0.000003
0.052174	0.000000
0.052224	-0.000004
0.052273	-0.000004
0.052323	-0.000004
0.052373	-0.000002
0.052422	0.000003
0.052472	0.000002
0.052522	0.000003
0.052571	0.000003
0.052621	0.000002
0.052671	-0.000000
0.052720	-0.000004
0.052770	-0.000001
0.052820	0.000000
0.052870	0.000003
0.052919	0.000005
0.052969	0.000003
0.053019	0.000003
0.053068	0.000000
0.053118	0.000001
0.053168	0.000000
0.053217	0.000001
0.053267	0.000003
0.053317	0.000002
0.053366	0.000006
0.053416	0.000006
0.053466	0.000005
0.053516	0.000002
0.053565	-0.000001
0.053615	-0.000001
0.053665	-0.000004
0.053714	-0.000001
0.053764	0.000000
0.053814	0.000002
0.053863	0.000006
0.053913	0.000005
0.053963	0.000005
0.054012	0.000001
0.054062	-0.000000
0.054112	-0.000001
0.054161	-0.000004
0.054211	-0.000000
0.054261	0.000002
0.054311	0.000005
0.054360	0.000003
0.054410	0.000002
0.054460	0.000003
0.054509	-0.000000
0.054559	0.000000
0.054609	0.000001
0.054658	0.000003
0.054708	0.000004
0.054758	0.000003
0.054807	0.000004
0.054857	0.000001
0.054907	0.000002
0.054957	0.000000
0.055006	-0.000001
0.055056	0.000001
0.055106	-0.000000
0.055155	0.000003
0.055205	0.000001
0.055255	0.000001
0.055304	0.000000
0.055354	-0.000004
0.055404	-0.000001
0.055453	-0.000001
0.055503	0.000001
0.055553	0.000002
0.055602	0.000003
0.055652	0.000004
0.055702	0.000002
0.055752	0.000002
0.055801	-0.000000
0.055851	0.000001
0.055901	0.000004
0.055950	0.000005
0.056000	0.000006
0.056050	0.000002
0.056099	0.000003
0.056149	0.000003
0.056199	0.000002
0.056248	0.000002
0.056298	-0.000000
0.056348	0.000002
0.056398	0.000002
0.056447	0.000004
0.056497	0.000002
0.056547	-0.000000
0.056596	0.000000
0.056646	-0.000002
0.056696	0.000002
0.056745	0.000003
0.056795	0.000002
0.056845	0.000004
0.056894	0.000003
0.056944	0.000003
0.056994	-0.000000
0.057043	0.000002
0.057093	0.000003
0.057143	0.000004
0.057193	0.000007
0.057242	0.000006
0.057292	0.000006
0.057342	0.000004
0.057391	0.000005
0.057441	0.000003
0.057491	0.000002
0.057540	0.000002
0.057590	0.000000
0.057640	0.000004
0.057689	0.000005
0.057739	0.000006
0.057789	0.000006
0.057839	0.000004
0.057888	0.000003
0.057938	-0.000001
0.057988	0.000002
0.058037	0.000002
0.058087	0.000004
0.058137	0.000006
0.058186	0.000006
0.058236	0.000007
0.058286	0.000003
0.058335	0.000003
0.058385	0.000003
0.058435	0.000002
0.058484	0.000003
0.058534	0.000003
0.058584	0.000005
0.058634	0.000003
0.058683	0.000005
0.058733	0.000006
0.058783	0.000005
0.058832	0.000004
0.058882	0.000003
0.058932	0.000005
0.058981	0.000004
0.059031	0.000006
0.059081	0.000007
0.059130	0.000007
0.059180	0.000005
0.059230	0.000004
0.059280	0.000006
0.059329	0.000004
0.059379	0.000004
0.059429	0.000004
0.059478	0.000005
0.059528	0.000002
0.059578	0.000000
0.059627	0.000003
0.059677	0.000002
0.059727	0.000003
0.059776	0.000003
0.059826	0.000004
0.059876	0.000005
0.059925	0.000004
0.059975	0.000004
0.060025	0.000001
0.060075	0.000003
0.060124	0.000003
0.060174	0.000003
0.060224	0.000005
0.060273	0.000002
0.060323	0.000004
0.060373	0.000006
0.060422	0.000007
0.060472	0.000004
0.060522	0.000004
0.060571	0.000005
0.060621	0.000003
0.060671	0.000003
0.060720	0.000001
0.060770	0.000003
0.060820	0.000003
0.060870	0.000004
0.060919	0.000004
0.060969	0.000003
0.061019	0.000002
0.061068	-0.000001
0.061118	0.000001
0.061168	0.000002
0.061217	0.000001
0.061267	0.000001
0.061317	0.000001
0.061366	0.000003
0.061416	0.000001
0.061466	0.000003
0.061516	0.000004
0.061565	0.000004
0.061615	0.000002
0.061665	0.000001
0.061714	0.000004
0.061764	0.000001
0.061814	0.000001
0.061863	0.000002
0.061913	0.000003
0.061963	0.000002
0.062012	0.000002
0.062062	0.000006
0.062112	0.000002
0.062161	0.000000
0.062211	-0.000001
0.062261	0.000001
0.062311	0.000003
0.062360	0.000001
0.062410	0.000002
0.062460	0.000001
0.062509	0.000003
0.062559	0.000001
0.062609	0.000001
0.062658	0.000004
0.062708	0.000003
0.062758	0.000004
0.062807	0.000002
0.062857	0.000003
0.062907	0.000002
0.062957	0.000005
0.063006	0.000007
0.063056	0.000005
0.063106	0.000004
0.063155	0.000004
0.063205	0.000006
0.063255	0.000005
0.063304	0.000005
0.063354	0.000003
0.063404	0.000001
0.063453	0.000002
0.063503	0.000001
0.063553	0.000004
0.063602	0.000002
0.063652	0.000001
0.063702	0.000001
0.063752	0.000003
0.063801	0.000005
0.063851	0.000001
0.063901	0.000003
0.063950	0.000002
0.064000	0.000001
0.064050	-0.000000
0.064099	0.000000
0.064149	0.000002
0.064199	0.000000
0.064248	0.000002
0.064298	0.000003
0.064348	0.000004
0.064398	0.000002
0.064447	0.000001
0.064497	0.000001
0.064547	-0.000001
0.064596	-0.000000
0.064646	0.000000
0.064696	0.000006
0.064745	0.000006
0.064795	0.000002
0.064845	-0.000000
0.064894	0.000005
0.064944	0.000007
0.064994	-0.000000
0.065043	-0.000001
0.065093	-0.000001
0.065143	0.000001
0.065193	0.000002
0.065242	0.000004
0.065292	0.000005
0.065342	0.000004
0.065391	0.000003
0.065441	-0.000000
0.065491	-0.000001
0.065540	-0.000001
0.065590	-0.000001
0.065640	0.000002
0.065689	0.000004
0.065739	0.000007
0.065789	0.000005
0.065839	0.000005
0.065888	0.000002
0.065938	-0.000001
0.065988	-0.000001
0.066037	-0.000001
0.066087	0.000002
0.066137	0.000002
0.066186	0.000004
0.066236	0.000006
0.066286	0.000007
0.066335	0.000006
0.066385	0.000001
0.066435	-0.000001
0.066484	-0.000004
0.066534	-0.000001
0.066584	0.000000
0.066634	0.000004
0.066683	0.000006
0.066733	0.000006
0.066783	0.000006
0.066832	0.000003
0.066882	0.000000
0.066932	-0.000003
0.066981	0.000001
0.067031	0.000003
0.067081	0.000004
0.067130	0.000006
0.067180	0.000005
0.067230	0.000006
0.067280	0.000005
0.067329	0.000004
0.067379	0.000001
0.067429	0.000001
0.067478	0.000001
0.067528	0.000003
0.067578	0.000005
0.067627	0.000005
0.067677	0.000005
0.067727	0.000003
0.067776	0.000002
0.067826	-0.000001
0.067876	-0.000000
0.067925	0.000002
0.067975	0.000001
0.068025	0.000002
0.068075	0.000002
0.068124	0.000005
0.068174	0.000004
0.068224	0.000004
0.068273	0.000003
0.068323	0.000002
0.068373	0.000003
0.068422	0.000003
0.068472	0.000006
0.068522	0.000006
0.068571	0.000005
0.068621	0.000003
0.068671	0.000004
0.068720	0.000004
0.068770	0.000002
0.068820	0.000002
0.068870	0.000001
0.068919	0.000004
0.068969	0.000006
0.069019	0.000006
0.069068	0.000003
0.069118	0.000005
0.069168	0.000005
0.069217	0.000003
0.069267	0.000003
0.069317	0.000005
0.069366	0.000005
0.069416	0.000001
0.069466	0.000003
0.069516	0.000008
0.069565	0.000009
0.069615	0.000006
0.069665	0.000004
0.069714	0.000003
0.069764	0.000001
0.069814	0.000003
0.069863	0.000003
0.069913	0.000005
0.069963	0.000006
0.070012	0.000006
0.070062	0.000005
0.070112	0.000003
0.070161	0.000001
0.070211	-0.000002
0.070261	-0.000002
0.070311	0.000000
0.070360	0.000003
0.070410	0.000003
0.070460	0.000003
0.070509	0.000003
0.070559	0.000003
0.070609	0.000004
0.070658	0.000001
0.070708	0.000001
0.070758	0.000001
0.070807	0.000004
0.070857	0.000007
0.070907	0.000008
0.070957	0.000008
0.071006	0.000007
0.071056	0.000007
0.071106	0.000006
0.071155	0.000005
0.071205	0.000002
0.071255	0.000004
0.071304	0.000004
0.071354	0.000005
0.071404	0.000008
0.071453	0.000007
0.071503	0.000004
0.071553	0.000002
0.071602	0.000001
0.071652	-0.000001
0.071702	0.000001
0.071752	0.000003
0.071801	0.000004
0.071851	0.000002
0.071901	-0.000000
0.071950	-0.000001
0.072000	-0.000001
0.072050	-0.000000
0.072099	-0.000002
0.072149	-0.000001
0.072199	0.000003
0.072248	0.000006
0.072298	0.000006
0.072348	0.000004
0.072398	0.000004
0.072447	0.000002
0.072497	0.000003
0.072547	0.000004
0.072596	0.000005
0.072646	0.000005
0.072696	0.000007
0.072745	0.000008
0.072795	0.000006
0.072845	0.000005
0.072894	0.000002
0.072944	0.000001
0.072994	-0.000001
0.073043	0.000002
0.073093	0.000002
0.073143	0.000002
0.073193	0.000001
0.073242	0.000001
0.073292	-0.000000
0.073342	-0.000001
0.073391	0.000001
0.073441	0.000001
0.073491	0.000003
0.073540	0.000001
0.073590	-0.000000
0.073640	0.000002
0.073689	0.000004
0.073739	0.000004
0.073789	0.000002
0.073839	0.000003
0.073888	0.000003
0.073938	0.000003
0.073988	0.000003
0.074037	0.000004
0.074087	0.000004
0.074137	0.000003
0.074186	0.000003
0.074236	0.000003
0.074286	0.000003
0.074335	0.000001
0.074385	0.000003
0.074435	0.000004
0.074484	0.000004
0.074534	0.000003
0.074584	0.000003
0.074634	0.000002
0.074683	0.000000
0.074733	0.000001
0.074783	0.000001
0.074832	0.000002
0.074882	-0.000001
0.074932	0.000001
0.074981	0.000002
0.075031	0.000002
0.075081	0.000001
0.075130	0.000003
0.075180	0.000006
0.075230	0.000004
0.075280	0.000004
0.075329	0.000003
0.075379	0.000004
0.075429	0.000003
0.075478	0.000005
0.075528	0.000005
0.075578	0.000005
0.075627	0.000005
0.075677	0.000004
0.075727	0.000004
0.075776	0.000003
0.075826	0.000003
0.075876	0.000003
0.075925	0.000005
0.075975	0.000004
0.076025	0.000005
0.076075	0.000005
0.076124	0.000003
0.076174	0.000000
0.076224	-0.000000
0.076273	0.000000
0.076323	-0.000002
0.076373	0.000000
0.076422	0.000001
0.076472	0.000004
0.076522	0.000005
0.076571	0.000006
0.076621	0.000005
0.076671	0.000004
0.076720	0.000004
0.076770	0.000002
0.076820	0.000005
0.076870	0.000007
0.076919	0.000008
0.076969	0.000009
0.077019	0.000010
0.077068	0.000007
0.077118	0.000004
0.077168	0.000003
0.077217	0.000003
0.077267	0.000004
0.077317	0.000005
0.077366	0.000006
0.077416	0.000004
0.077466	0.000003
0.077516	-0.000001
0.077565	-0.000001
0.077615	-0.000003
0.077665	-0.000001
0.077714	0.000001
0.077764	0.000002
0.077814	0.000003
0.077863	0.000003
0.077913	0.000003
0.077963	0.000002
0.078012	0.000001
0.078062	-0.000002
0.078112	-0.000001
0.078161	0.000002
0.078211	0.000004
0.078261	0.000006
0.078311	0.000008
0.078360	0.000009
0.078410	0.000005
0.078460	0.000006
0.078509	0.000005
0.078559	0.000006
0.078609	0.000005
0.078658	0.000006
0.078708	0.000006
0.078758	0.000007
0.078807	0.000007
0.078857	0.000005
0.078907	0.000003
0.078957	0.000000
0.079006	-0.000001
0.079056	-0.000002
0.079106	0.000002
0.079155	0.000002
0.079205	0.000002
0.079255	0.000003
0.079304	0.000002
0.079354	0.000000
0.079404	-0.000000
0.079453	-0.000000
0.079503	-0.000001
0.079553	0.000002
0.079602	0.000006
0.079652	0.000009
0.079702	0.000007
0.079752	0.000006
0.079801	0.000005
0.079851	0.000006
0.079901	0.000004
0.079950	0.000002
0.080000	0.000003
0.080050	0.000005
0.080099	0.000005
0.080149	0.000003
0.080199	0.000004
0.080248	0.000003
0.080298	0.000003
0.080348	0.000004
0.080398	0.000006
0.080447	0.000002
0.080497	0.000001
0.080547	0.000002
0.080596	0.000004
0.080646	0.000001
0.080696	-0.000004
0.080745	-0.000002
0.080795	0.000001
0.080845	0.000004
0.080894	0.000004
0.080944	0.000004
0.080994	0.000001
0.081043	0.000001
0.081093	-0.000001
0.081143	0.000000
0.081193	0.000003
0.081242	0.000005
0.081292	0.000006
0.081342	0.000006
0.081391	0.000006
0.081441	0.000004
0.081491	0.000007
0.081540	0.000006
0.081590	0.000004
0.081640	0.000003
0.081689	0.000007
0.081739	0.000007
0.081789	0.000007
0.081839	0.000006
0.081888	0.000002
0.081938	-0.000001
0.081988	-0.000001
0.082037	0.000001
0.082087	0.000002
0.082137	0.000005
0.082186	0.000004
0.082236	0.000004
0.082286	0.000001
0.082335	-0.000000
0.082385	-0.000002
0.082435	0.000000
0.082484	0.000002
0.082534	0.000003
0.082584	0.000006
0.082634	0.000006
0.082683	0.000006
0.082733	0.000004
0.082783	0.000003
0.082832	0.000000
0.082882	0.000003
0.082932	0.000006
0.082981	0.000009
0.083031	0.000010
0.083081	0.000011
0.083130	0.000010
0.083180	0.000008
0.083230	0.000004
0.083280	-0.000000
0.083329	0.000001
0.083379	0.000003
0.083429	0.000006
0.083478	0.000006
0.083528	0.000008
0.083578	0.000005
0.083627	0.000002
0.083677	0.000000
0.083727	0.000000
0.083776	-0.000001
0.083826	0.000001
0.083876	0.000002
0.083925	0.000003
0.083975	0.000004
0.084025	0.000002
0.084075	0.000002
0.084124	-0.000000
0.084174	0.000000
0.084224	0.000002
0.084273	0.000005
0.084323	0.000006
0.084373	0.000008
0.084422	0.000007
0.084472	0.000005
0.084522	0.000003
0.084571	0.000002
0.084621	0.000003
0.084671	0.000004
0.084720	0.000005
0.084770	0.000005
0.084820	0.000008
0.084870	0.000007
0.084919	0.000007
0.084969	0.000003
0.085019	0.000002
0.085068	-0.000000
0.085118	0.000002
0.085168	0.000003
0.085217	0.000003
0.085267	0.000004
0.085317	0.000007
0.085366	0.000006
0.085416	0.000002
0.085466	0.000002
0.085516	0.000001
0.085565	0.000001
0.085615	0.000001
0.085665	0.000005
0.085714	0.000005
0.085764	0.000006
0.085814	0.000005
0.085863	0.000004
0.085913	0.000003
0.085963	0.000002
0.086012	0.000000
0.086062	0.000003
0.086112	0.000006
0.086161	0.000007
0.086211	0.000007
0.086261	0.000005
0.086311	0.000005
0.086360	0.000003
0.086410	0.000003
0.086460	0.000001
0.086509	0.000003
0.086559	0.000004
0.086609	0.000007
0.086658	0.000009
0.086708	0.000008
0.086758	0.000005
0.086807	0.000002
0.086857	0.000001
0.086907	0.000002
0.086957	0.000003
0.087006	0.000001
0.087056	0.000004
0.087106	0.000007
0.087155	0.000008
0.087205	0.000005
0.087255	0.000004
0.087304	-0.000000
0.087354	-0.000000
0.087404	0.000001
0.087453	0.000005
0.087503	0.000005
0.087553	0.000008
0.087602	0.000005
0.087652	0.000004
0.087702	0.000003
0.087752	0.000003
0.087801	0.000002
0.087851	0.000001
0.087901	0.000004
0.087950	0.000007
0.088000	0.000008
0.088050	0.000005
0.088099	0.000005
0.088149	0.000001
0.088199	0.000001
0.088248	0.000001
0.088298	0.000004
0.088348	0.000005
0.088398	0.000006
0.088447	0.000007
0.088497	0.000009
0.088547	0.000007
0.088596	0.000004
0.088646	0.000002
0.088696	0.000003
0.088745	0.000003
0.088795	0.000002
0.088845	0.000007
0.088894	0.000007
0.088944	0.000009
0.088994	0.000008
0.089043	0.000006
0.089093	0.000004
0.089143	0.000005
0.089193	0.000004
0.089242	0.000005
0.089292	0.000007
0.089342	0.000009
0.089391	0.000007
0.089441	0.000007
0.089491	0.000006
0.089540	0.000005
0.089590	0.000006
0.089640	0.000005
0.089689	0.000005
0.089739	0.000005
0.089789	0.000006
0.089839	0.000006
0.089888	0.000009
0.089938	0.000008
0.089988	0.000006
0.090037	0.000004
0.090087	0.000005
0.090137	0.000004
0.090186	0.000005
0.090236	0.000005
0.090286	0.000009
0.090335	0.000006
0.090385	0.000006
0.090435	0.000004
0.090484	0.000004
0.090534	0.000005
0.090584	0.000005
0.090634	0.000005
0.090683	0.000004
0.090733	0.000004
0.090783	0.000005
0.090832	0.000004
0.090882	0.000002
0.090932	0.000002
0.090981	0.000003
0.091031	0.000003
0.091081	0.000005
0.091130	0.000004
0.091180	0.000007
0.091230	0.000006
0.091280	0.000005
0.091329	0.000008
0.091379	0.000006
0.091429	0.000002
0.091478	0.000004
0.091528	0.000005
0.091578	0.000006
0.091627	0.000005
0.091677	0.000008
0.091727	0.000008
0.091776	0.000009
0.091826	0.000008
0.091876	0.000004
0.091925	0.000001
0.091975	0.000001
0.092025	0.000004
0.092075	0.000005
0.092124	0.000007
0.092174	0.000006
0.092224	0.000009
0.092273	0.000007
0.092323	0.000007
0.092373	0.000003
0.092422	0.000003
0.092472	0.000003
0.092522	0.000006
0.092571	0.000005
0.092621	0.000008
0.092671	0.000006
0.092721	0.000007
0.092770	0.000006
0.092820	0.000006
0.092870	0.000004
0.092919	0.000006
0.092969	0.000007
0.093019	0.000007
0.093068	0.000008
0.093118	0.000009
0.093168	0.000012
0.093217	0.000010
0.093267	0.000007
0.093317	0.000006
0.093366	0.000006
0.093416	0.000006
0.093466	0.000006
0.093516	0.000006
0.093565	0.000008
0.093615	0.000006
0.093665	0.000007
0.093714	0.000007
0.093764	0.000008
0.093814	0.000004
0.093863	0.000005
0.093913	0.000006
0.093963	0.000009
0.094012	0.000007
0.094062	0.000007
0.094112	0.000007
0.094161	0.000007
0.094211	0.000003
0.094261	0.000003
0.094311	0.000003
0.094360	0.000007
0.094410	0.000006
0.094460	0.000005
0.094509	0.000005
0.094559	0.000006
0.094609	0.000003
0.094658	0.000003
0.094708	0.000002
0.094758	0.000001
0.094807	0.000001
0.094857	0.000004
0.094907	0.000007
0.094957	0.000004
0.095006	0.000002
0.095056	0.000002
0.095106	0.000001
0.095155	-0.000003
0.095205	-0.000002
0.095255	-0.000001
0.095304	0.000004
0.095354	0.000003
0.095404	0.000002
0.095453	-0.000001
0.095503	-0.000002
0.095553	-0.000006
0.095602	-0.000004
0.095652	-0.000002
0.095702	-0.000001
0.095752	-0.000002
0.095801	-0.000003
0.095851	-0.000006
0.095901	-0.000009
0.095950	-0.000012
0.096000	-0.000016
0.096050	-0.000018
0.096099	-0.000021
0.096149	-0.000025
0.096199	-0.000031
0.096248	-0.000034
0.096298	-0.000044
0.096348	-0.000053
0.096398	-0.000069
0.096447	-0.000089
0.096497	-0.000112
0.096547	-0.000133
0.096596	-0.000145
0.096646	-0.000157
0.096696	-0.000167
0.096745	-0.000184
0.096795	-0.000210
0.096845	-0.000238
0.096894	-0.000254
0.096944	-0.000270
0.096994	-0.000284
0.097043	-0.000299
0.097093	-0.000318
0.097143	-0.000342
0.097193	-0.000370
0.097242	-0.000395
0.097292	-0.000417
0.097342	-0.000442
0.097391	-0.000487
0.097441	-0.000500
0.097491	-0.000501
0.097540	-0.000515
0.097590	-0.000515
0.097640	-0.000513
0.097689	-0.000519
0.097739	-0.000518
0.097789	-0.000518
0.097839	-0.000513
0.097888	-0.000506
0.097938	-0.000510
0.097988	-0.000511
0.098037	-0.000503
0.098087	-0.000508
0.098137	-0.000511
0.098186	-0.000501
0.098236	-0.000505
0.098286	-0.000505
0.098335	-0.000496
0.098385	-0.000499
0.098435	-0.000498
0.098484	-0.000499
0.098534	-0.000505
0.098584	-0.000503
0.098634	-0.000495
0.098683	-0.000501
0.098733	-0.000501
0.098783	-0.000493
0.098832	-0.000496
0.098882	-0.000498
0.098932	-0.000493
0.098981	-0.000498
0.099031	-0.000503
0.099081	-0.000492
0.099130	-0.000492
0.099180	-0.000501
0.099230	-0.000495
0.099280	-0.000493
0.099329	-0.000500
0.099379	-0.000498
0.099429	-0.000496
0.099478	-0.000502
0.099528	-0.000497
0.099578	-0.000496
0.099627	-0.000502
0.099677	-0.000496
0.099727	-0.000494
0.099776	-0.000504
0.099826	-0.000501
0.099876	-0.000494
0.099925	-0.000505
0.099975	-0.000504
0.100025	-0.000497
0.100075	-0.000504
0.100124	-0.000504
0.100174	-0.000499
0.100224	-0.000504
0.100273	-0.000503
0.100323	-0.000500
0.100373	-0.000506
0.100422	-0.000504
0.100472	-0.000503
0.100522	-0.000510
0.100571	-0.000505
0.100621	-0.000498
0.100671	-0.000506
0.100721	-0.000503
0.100770	-0.000498
0.100820	-0.000506
0.100870	-0.000505
0.100919	-0.000499
0.100969	-0.000503
0.101019	-0.000503
0.101068	-0.000499
0.101118	-0.000503
0.101168	-0.000501
0.101217	-0.000497
0.101267	-0.000501
0.101317	-0.000501
0.101366	-0.000497
0.101416	-0.000504
0.101466	-0.000504
0.101516	-0.000496
0.101565	-0.000503
0.101615	-0.000506
0.101665	-0.000498
0.101714	-0.000502
0.101764	-0.000507
0.101814	-0.000499
0.101863	-0.000499
0.101913	-0.000503
0.101963	-0.000497
0.102012	-0.000502
0.102062	-0.000507
0.102112	-0.000500
0.102161	-0.000498
0.102211	-0.000505
0.102261	-0.000499
0.102311	-0.000499
0.102360	-0.000504
0.102410	-0.000497
0.102460	-0.000495
0.102509	-0.000502
0.102559	-0.000500
0.102609	-0.000495
0.102658	-0.000504
0.102708	-0.000504
0.102758	-0.000499
0.102807	-0.000504
0.102857	-0.000500
0.102907	-0.000495
0.102957	-0.000501
0.103006	-0.000499
0.103056	-0.000495
0.103106	-0.000504
0.103155	-0.000505
0.103205	-0.000499
0.103255	-0.000502
0.103304	-0.000500
0.103354	-0.000491
0.103404	-0.000495
0.103453	-0.000500
0.103503	-0.000496
0.103553	-0.000495
0.103602	-0.000500
0.103652	-0.000499
0.103702	-0.000500
0.103752	-0.000501
0.103801	-0.000491
0.103851	-0.000490
0.103901	-0.000499
0.103950	-0.000496
0.104000	-0.000491
0.104050	-0.000501
0.104099	-0.000500
0.104149	-0.000492
0.104199	-0.000494
0.104248	-0.000495
0.104298	-0.000490
0.104348	-0.000493
0.104398	-0.000497
0.104447	-0.000494
0.104497	-0.000496
0.104547	-0.000500
0.104596	-0.000492
0.104646	-0.000489
0.104696	-0.000496
0.104745	-0.000497
0.104795	-0.000493
0.104845	-0.000498
0.104894	-0.000497
0.104944	-0.000491
0.104994	-0.000497
0.105043	-0.000496
0.105093	-0.000486
0.105143	-0.000491
0.105193	-0.000497
0.105242	-0.000490
0.105292	-0.000489
0.105342	-0.000497
0.105391	-0.000492
0.105441	-0.000487
0.105491	-0.000494
0.105540	-0.000494
0.105590	-0.000485
0.105640	-0.000493
0.105689	-0.000497
0.105739	-0.000489
0.105789	-0.000487
0.105839	-0.000496
0.105888	-0.000493
0.105938	-0.000488
0.105988	-0.000494
0.106037	-0.000491
0.106087	-0.000486
0.106137	-0.000492
0.106186	-0.000495
0.106236	-0.000486
0.106286	-0.000487
0.106335	-0.000492
0.106385	-0.000487
0.106435	-0.000487
0.106484	-0.000492
0.106534	-0.000489
0.106584	-0.000485
0.106634	-0.000492
0.106683	-0.000495
0.106733	-0.000488
0.106783	-0.000489
0.106832	-0.000494
0.106882	-0.000487
0.106932	-0.000488
0.106981	-0.000496
0.107031	-0.000493
0.107081	-0.000488
0.107130	-0.000495
0.107180	-0.000496
0.107230	-0.000486
0.107280	-0.000487
0.107329	-0.000494
0.107379	-0.000488
0.107429	-0.000487
0.107478	-0.000497
0.107528	-0.000493
0.107578	-0.000486
0.107627	-0.000493
0.107677	-0.000493
0.107727	-0.000485
0.107776	-0.000485
0.107826	-0.000490
0.107876	-0.000486
0.107925	-0.000486
0.107975	-0.000493
0.108025	-0.000489
0.108075	-0.000484
0.108124	-0.000488
0.108174	-0.000487
0.108224	-0.000481
0.108273	-0.000486
0.108323	-0.000493
0.108373	-0.000491
0.108422	-0.000488
0.108472	-0.000494
0.108522	-0.000492
0.108571	-0.000485
0.108621	-0.000489
0.108671	-0.000493
0.108721	-0.000487
0.108770	-0.000487
0.108820	-0.000496
0.108870	-0.000490
0.108919	-0.000486
0.108969	-0.000492
0.109019	-0.000491
0.109068	-0.000481
0.109118	-0.000484
0.109168	-0.000494
0.109217	-0.000486
0.109267	-0.000482
0.109317	-0.000491
0.109366	-0.000491
0.109416	-0.000483
0.109466	-0.000485
0.109516	-0.000489
0.109565	-0.000482
0.109615	-0.000482
0.109665	-0.000489
0.109714	-0.000489
0.109764	-0.000484
0.109814	-0.000490
0.109863	-0.000494
0.109913	-0.000486
0.109963	-0.000485
0.110012	-0.000492
0.110062	-0.000487
0.110112	-0.000485
0.110161	-0.000494
0.110211	-0.000495
0.110261	-0.000486
0.110311	-0.000488
0.110360	-0.000493
0.110410	-0.000485
0.110460	-0.000481
0.110509	-0.000488
0.110559	-0.000485
0.110609	-0.000479
0.110658	-0.000484
0.110708	-0.000489
0.110758	-0.000483
0.110807	-0.000480
0.110857	-0.000486
0.110907	-0.000483
0.110957	-0.000478
0.111006	-0.000483
0.111056	-0.000488
0.111106	-0.000484
0.111155	-0.000483
0.111205	-0.000491
0.111255	-0.000490
0.111304	-0.000485
0.111354	-0.000489
0.111404	-0.000493
0.111453	-0.000490
0.111503	-0.000488
0.111553	-0.000495
0.111602	-0.000491
0.111652	-0.000486
0.111702	-0.000490
0.111752	-0.000491
0.111801	-0.000483
0.111851	-0.000486
0.111901	-0.000494
0.111950	-0.000487
0.112000	-0.000480
0.112050	-0.000483
0.112099	-0.000484
0.112149	-0.000478
0.112199	-0.000480
0.112248	-0.000488
0.112298	-0.000485
0.112348	-0.000481
0.112398	-0.000485
0.112447	-0.000487
0.112497	-0.000481
0.112547	-0.000479
0.112596	-0.000484
0.112646	-0.000483
0.112696	-0.000479
0.112745	-0.000486
0.112795	-0.000496
0.112845	-0.000488
0.112894	-0.000488
0.112944	-0.000495
0.112994	-0.000489
0.113043	-0.000481
0.113093	-0.000489
0.113143	-0.000492
0.113193	-0.000482
0.113242	-0.000482
0.113292	-0.000491
0.113342	-0.000487
0.113391	-0.000483
0.113441	-0.000487
0.113491	-0.000487
0.113540	-0.000477
0.113590	-0.000473
0.113640	-0.000480
0.113689	-0.000483
0.113739	-0.000476
0.113789	-0.000475
0.113839	-0.000481
0.113888	-0.000478
0.113938	-0.000472
0.113988	-0.000478
0.114037	-0.000485
0.114087	-0.000479
0.114137	-0.000477
0.114186	-0.000487
0.114236	-0.000489
0.114286	-0.000482
0.114335	-0.000485
0.114385	-0.000493
0.114435	-0.000487
0.114484	-0.000482
0.114534	-0.000489
0.114584	-0.000490
0.114634	-0.000483
0.114683	-0.000487
0.114733	-0.000492
0.114783	-0.000487
0.114832	-0.000482
0.114882	-0.000486
0.114932	-0.000486
0.114981	-0.000480
0.115031	-0.000480
0.115081	-0.000486
0.115130	-0.000484
0.115180	-0.000478
0.115230	-0.000480
0.115280	-0.000484
0.115329	-0.000480
0.115379	-0.000476
0.115429	-0.000483
0.115478	-0.000483
0.115528	-0.000478
0.115578	-0.000481
0.115627	-0.000489
0.115677	-0.000485
0.115727	-0.000483
0.115776	-0.000490
0.115826	-0.000489
0.115876	-0.000481
0.115925	-0.000480
0.115975	-0.000489
0.116025	-0.000487
0.116075	-0.000480
0.116124	-0.000484
0.116174	-0.000491
0.116224	-0.000484
0.116273	-0.000479
0.116323	-0.000485
0.116373	-0.000486
0.116422	-0.000481
0.116472	-0.000482
0.116522	-0.000488
0.116571	-0.000484
0.116621	-0.000479
0.116671	-0.000481
0.116721	-0.000485
0.116770	-0.000479
0.116820	-0.000478
0.116870	-0.000487
0.116919	-0.000489
0.116969	-0.000480
0.117019	-0.000481
0.117068	-0.000489
0.117118	-0.000483
0.117168	-0.000477
0.117217	-0.000483
0.117267	-0.000490
0.117317	-0.000484
0.117366	-0.000482
0.117416	-0.000490
0.117466	-0.000487
0.117516	-0.000478
0.117565	-0.000481
0.117615	-0.000487
0.117665	-0.000484
0.117714	-0.000480
0.117764	-0.000485
0.117814	-0.000490
0.117863	-0.000485
0.117913	-0.000481
0.117963	-0.000485
0.118012	-0.000482
0.118062	-0.000474
0.118112	-0.000475
0.118161	-0.000486
0.118211	-0.000484
0.118261	-0.000479
0.118311	-0.000485
0.118360	-0.000490
0.118410	-0.000481
0.118460	-0.000476
0.118509	-0.000482
0.118559	-0.000482
0.118609	-0.000478
0.118658	-0.000480
0.118708	-0.000487
0.118758	-0.000484
0.118807	-0.000479
0.118857	-0.000481
0.118907	-0.000486
0.118957	-0.000479
0.119006	-0.000475
0.119056	-0.000485
0.119106	-0.000489
0.119155	-0.000485
0.119205	-0.000482
0.119255	-0.000487
0.119304	-0.000487
0.119354	-0.000480
0.119404	-0.000480
0.119453	-0.000485
0.119503	-0.000481
0.119553	-0.000475
0.119602	-0.000482
0.119652	-0.000486
0.119702	-0.000480
0.119752	-0.000476
0.119801	-0.000482
0.119851	-0.000484
0.119901	-0.000477
0.119950	-0.000477
0.120000	-0.000484
0.120050	-0.000483
0.120099	-0.000478
0.120149	-0.000479
0.120199	-0.000485
0.120248	-0.000483
0.120298	-0.000476
0.120348	-0.000480
0.120398	-0.000488
0.120447	-0.000483
0.120497	-0.000477
0.120547	-0.000484
0.120596	-0.000487
0.120646	-0.000480
0.120696	-0.000480
0.120745	-0.000487
0.120795	-0.000486
0.120845	-0.000478
0.120894	-0.000481
0.120944	-0.000487
0.120994	-0.000483
0.121043	-0.000477
0.121093	-0.000481
0.121143	-0.000487
0.121193	-0.000483
0.121242	-0.000478
0.121292	-0.000483
0.121342	-0.000485
0.121391	-0.000477
0.121441	-0.000477
0.121491	-0.000487
0.121540	-0.000488
0.121590	-0.000481
0.121640	-0.000481
0.121689	-0.000488
0.121739	-0.000484
0.121789	-0.000478
0.121839	-0.000480
0.121888	-0.000483
0.121938	-0.000477
0.121988	-0.000474
0.122037	-0.000481
0.122087	-0.000488
0.122137	-0.000484
0.122186	-0.000479
0.122236	-0.000481
0.122286	-0.000480
0.122335	-0.000475
0.122385	-0.000476
0.122435	-0.000483
0.122484	-0.000484
0.122534	-0.000478
0.122584	-0.000480
0.122634	-0.000486
0.122683	-0.000483
0.122733	-0.000474
0.122783	-0.000475
0.122832	-0.000481
0.122882	-0.000480
0.122932	-0.000479
0.122981	-0.000484
0.123031	-0.000486
0.123081	-0.000481
0.123130	-0.000478
0.123180	-0.000481
0.123230	-0.000482
0.123280	-0.000478
0.123329	-0.000475
0.123379	-0.000480
0.123429	-0.000483
0.123478	-0.000479
0.123528	-0.000477
0.123578	-0.000484
0.123627	-0.000482
0.123677	-0.000476
0.123727	-0.000475
0.123776	-0.000480
0.123826	-0.000480
0.123876	-0.000476
0.123925	-0.000478
0.123975	-0.000483
0.124025	-0.000482
0.124075	-0.000477
0.124124	-0.000477
0.124174	-0.000483
0.124224	-0.000483
0.124273	-0.000478
0.124323	-0.000477
0.124373	-0.000485
0.124422	-0.000485
0.124472	-0.000477
0.124522	-0.000477
0.124571	-0.000483
0.124621	-0.000479
0.124671	-0.000472
0.124721	-0.000476
0.124770	-0.000482
0.124820	-0.000478
0.124870	-0.000474
0.124919	-0.000479
0.124969	-0.000483
0.125019	-0.000478
0.125068	-0.000472
0.125118	-0.000476
0.125168	-0.000481
0.125217	-0.000477
0.125267	-0.000473
0.125317	-0.000479
0.125366	-0.000484
0.125416	-0.000479
0.125466	-0.000476
0.125516	-0.000483
0.125565	-0.000486
0.125615	-0.000479
0.125665	-0.000476
0.125714	-0.000483
0.125764	-0.000484
0.125814	-0.000478
0.125863	-0.000479
0.125913	-0.000485
0.125963	-0.000485
0.126012	-0.000480
0.126062	-0.000477
0.126112	-0.000481
0.126161	-0.000480
0.126211	-0.000472
0.126261	-0.000469
0.126311	-0.000477
0.126360	-0.000478
0.126410	-0.000471
0.126460	-0.000470
0.126509	-0.000477
0.126559	-0.000478
0.126609	-0.000471
0.126658	-0.000468
0.126708	-0.000474
0.126758	-0.000479
0.126807	-0.000475
0.126857	-0.000474
0.126907	-0.000483
0.126957	-0.000487
0.127006	-0.000481
0.127056	-0.000476
0.127106	-0.000485
0.127155	-0.000487
0.127205	-0.000479
0.127255	-0.000478
0.127304	-0.000486
0.127354	-0.000486
0.127404	-0.000479
0.127453	-0.000479
0.127503	-0.000482
0.127553	-0.000479
0.127602	-0.000472
0.127652	-0.000471
0.127702	-0.000475
0.127752	-0.000476
0.127801	-0.000470
0.127851	-0.000466
0.127901	-0.000473
0.127950	-0.000476
0.128000	-0.000471
0.128050	-0.000467
0.128099	-0.000472
0.128149	-0.000481
0.128199	-0.000478
0.128248	-0.000474
0.128298	-0.000479
0.128348	-0.000482
0.128398	-0.000479
0.128447	-0.000475
0.128497	-0.000482
0.128547	-0.000487
0.128596	-0.000482
0.128646	-0.000477
0.128696	-0.000483
0.128745	-0.000487
0.128795	-0.000480
0.128845	-0.000477
0.128894	-0.000481
0.128944	-0.000484
0.128994	-0.000477
0.129043	-0.000473
0.129093	-0.000477
0.129143	-0.000480
0.129193	-0.000474
0.129242	-0.000468
0.129292	-0.000469
0.129342	-0.000471
0.129391	-0.000470
0.129441	-0.000466
0.129491	-0.000469
0.129540	-0.000475
0.129590	-0.000475
0.129640	-0.000472
0.129689	-0.000471
0.129739	-0.000475
0.129789	-0.000476
0.129839	-0.000474
0.129888	-0.000472
0.129938	-0.000477
0.129988	-0.000483
0.130037	-0.000479
0.130087	-0.000476
0.130137	-0.000481
0.130186	-0.000485
0.130236	-0.000478
0.130286	-0.000473
0.130335	-0.000478
0.130385	-0.000481
0.130435	-0.000474
0.130484	-0.000469
0.130534	-0.000473
0.130584	-0.000479
0.130634	-0.000475
0.130683	-0.000467
0.130733	-0.000467
0.130783	-0.000474
0.130832	-0.000473
0.130882	-0.000467
0.130932	-0.000464
0.130981	-0.000472
0.131031	-0.000475
0.131081	-0.000468
0.131130	-0.000465
0.131180	-0.000471
0.131230	-0.000478
0.131280	-0.000474
0.131329	-0.000469
0.131379	-0.000472
0.131429	-0.000481
0.131478	-0.000480
0.131528	-0.000474
0.131578	-0.000475
0.131627	-0.000481
0.131677	-0.000479
0.131727	-0.000472
0.131776	-0.000472
0.131826	-0.000478
0.131876	-0.000477
0.131925	-0.000472
0.131975	-0.000468
0.132025	-0.000474
0.132075	-0.000478
0.132124	-0.000471
0.132174	-0.000464
0.132224	-0.000468
0.132273	-0.000475
0.132323	-0.000471
0.132373	-0.000465
0.132422	-0.000466
0.132472	-0.000476
0.132522	-0.000477
0.132571	-0.000470
0.132621	-0.000467
0.132671	-0.000474
0.132721	-0.000477
0.132770	-0.000472
0.132820	-0.000469
0.132870	-0.000476
0.132919	-0.000483
0.132969	-0.000478
0.133019	-0.000473
0.133068	-0.000475
0.133118	-0.000479
0.133168	-0.000474
0.133217	-0.000468
0.133267	-0.000469
0.133317	-0.000476
0.133366	-0.000478
0.133416	-0.000473
0.133466	-0.000470
0.133516	-0.000474
0.133565	-0.000475
0.133615	-0.000469
0.133665	-0.000463
0.133714	-0.000465
0.133764	-0.000473
0.133814	-0.000473
0.133863	-0.000467
0.133913	-0.000466
0.133963	-0.000474
0.134012	-0.000476
0.134062	-0.000469
0.134112	-0.000464
0.134161	-0.000469
0.134211	-0.000475
0.134261	-0.000474
0.134311	-0.000471
0.134360	-0.000474
0.134410	-0.000480
0.134460	-0.000479
0.134509	-0.000472
0.134559	-0.000471
0.134609	-0.000476
0.134658	-0.000480
0.134708	-0.000476
0.134758	-0.000471
0.134807	-0.000474
0.134857	-0.000479
0.134907	-0.000473
0.134957	-0.000466
0.135006	-0.000467
0.135056	-0.000473
0.135106	-0.000473
0.135155	-0.000467
0.135205	-0.000465
0.135255	-0.000473
0.135304	-0.000477
0.135354	-0.000472
0.135404	-0.000467
0.135453	-0.000469
0.135503	-0.000473
0.135553	-0.000473
0.135602	-0.000468
0.135652	-0.000468
0.135702	-0.000476
0.135752	-0.000478
0.135801	-0.000471
0.135851	-0.000466
0.135901	-0.000472
0.135950	-0.000478
0.136000	-0.000474
0.136050	-0.000467
0.136099	-0.000469
0.136149	-0.000476
0.136199	-0.000474
0.136248	-0.000467
0.136298	-0.000466
0.136348	-0.000472
0.136398	-0.000474
0.136447	-0.000470
0.136497	-0.000463
0.136547	-0.000464
0.136596	-0.000470
0.136646	-0.000470
0.136696	-0.000464
0.136745	-0.000461
0.136795	-0.000468
0.136845	-0.000474
0.136894	-0.000472
0.136944	-0.000465
0.136994	-0.000465
0.137043	-0.000470
0.137093	-0.000470
0.137143	-0.000465
0.137193	-0.000463
0.137242	-0.000468
0.137292	-0.000476
0.137342	-0.000475
0.137391	-0.000468
0.137441	-0.000464
0.137491	-0.000469
0.137540	-0.000471
0.137590	-0.000466
0.137640	-0.000461
0.137689	-0.000464
0.137739	-0.000472
0.137789	-0.000475
0.137839	-0.000469
0.137888	-0.000464
0.137938	-0.000466
0.137988	-0.000468
0.138037	-0.000465
0.138087	-0.000459
0.138137	-0.000460
0.138186	-0.000470
0.138236	-0.000475
0.138286	-0.000469
0.138335	-0.000463
0.138385	-0.000463
0.138435	-0.000467
0.138484	-0.000466
0.138534	-0.000460
0.138584	-0.000458
0.138634	-0.000467
0.138683	-0.000475
0.138733	-0.000472
0.138783	-0.000467
0.138832	-0.000466
0.138882	-0.000467
0.138932	-0.000469
0.138981	-0.000466
0.139031	-0.000462
0.139081	-0.000462
0.139130	-0.000470
0.139180	-0.000471
0.139230	-0.000465
0.139280	-0.000462
0.139329	-0.000463
0.139379	-0.000466
0.139429	-0.000463
0.139478	-0.000458
0.139528	-0.000458
0.139578	-0.000465
0.139627	-0.000471
0.139677	-0.000469
0.139727	-0.000463
0.139776	-0.000461
0.139826	-0.000465
0.139876	-0.000469
0.139925	-0.000464
0.139975	-0.000459
0.140025	-0.000463
0.140075	-0.000474
0.140124	-0.000473
0.140174	-0.000465
0.140224	-0.000461
0.140273	-0.000464
0.140323	-0.000469
0.140373	-0.000469
0.140422	-0.000465
0.140472	-0.000463
0.140522	-0.000468
0.140571	-0.000472
0.140621	-0.000467
0.140671	-0.000459
0.140721	-0.000458
0.140770	-0.000465
0.140820	-0.000470
0.140870	-0.000466
0.140919	-0.000460
0.140969	-0.000460
0.141019	-0.000467
0.141068	-0.000470
0.141118	-0.000462
0.141168	-0.000456
0.141217	-0.000457
0.141267	-0.000465
0.141317	-0.000469
0.141366	-0.000464
0.141416	-0.000461
0.141466	-0.000464
0.141516	-0.000470
0.141565	-0.000469
0.141615	-0.000462
0.141665	-0.000460
0.141714	-0.000464
0.141764	-0.000470
0.141814	-0.000470
0.141863	-0.000464
0.141913	-0.000460
0.141963	-0.000462
0.142012	-0.000468
0.142062	-0.000466
0.142112	-0.000461
0.142161	-0.000460
0.142211	-0.000463
0.142261	-0.000469
0.142311	-0.000468
0.142360	-0.000461
0.142410	-0.000458
0.142460	-0.000465
0.142509	-0.000467
0.142559	-0.000462
0.142609	-0.000457
0.142658	-0.000458
0.142708	-0.000464
0.142758	-0.000469
0.142807	-0.000468
0.142857	-0.000462
0.142907	-0.000459
0.142957	-0.000464
0.143006	-0.000466
0.143056	-0.000462
0.143106	-0.000458
0.143155	-0.000459
0.143205	-0.000468
0.143255	-0.000472
0.143304	-0.000466
0.143354	-0.000458
0.143404	-0.000456
0.143453	-0.000461
0.143503	-0.000465
0.143553	-0.000464
0.143602	-0.000460
0.143652	-0.000459
0.143702	-0.000466
0.143752	-0.000471
0.143801	-0.000465
0.143851	-0.000456
0.143901	-0.000454
0.143950	-0.000460
0.144000	-0.000465
0.144050	-0.000462
0.144099	-0.000457
0.144149	-0.000457
0.144199	-0.000464
0.144248	-0.000470
0.144298	-0.000465
0.144348	-0.000457
0.144398	-0.000456
0.144447	-0.000461
0.144497	-0.000463
0.144547	-0.000463
0.144596	-0.000461
0.144646	-0.000460
0.144696	-0.000464
0.144745	-0.000470
0.144795	-0.000468
0.144845	-0.000460
0.144894	-0.000454
0.144944	-0.000458
0.144994	-0.000463
0.145043	-0.000463
0.145093	-0.000459
0.145143	-0.000458
0.145193	-0.000461
0.145242	-0.000463
0.145292	-0.000463
0.145342	-0.000457
0.145391	-0.000452
0.145441	-0.000452
0.145491	-0.000460
0.145540	-0.000466
0.145590	-0.000461
0.145640	-0.000457
0.145689	-0.000459
0.145739	-0.000464
0.145789	-0.000465
0.145839	-0.000460
0.145888	-0.000454
0.145938	-0.000453
0.145988	-0.000459
0.146037	-0.000465
0.146087	-0.000464
0.146137	-0.000458
0.146186	-0.000456
0.146236	-0.000460
0.146286	-0.000460
0.146335	-0.000454
0.146385	-0.000450
0.146435	-0.000450
0.146484	-0.000454
0.146534	-0.000462
0.146584	-0.000460
0.146634	-0.000457
0.146683	-0.000452
0.146733	-0.000450
0.146783	-0.000455
0.146832	-0.000459
0.146882	-0.000454
0.146932	-0.000452
0.146981	-0.000452
0.147031	-0.000457
0.147081	-0.000461
0.147130	-0.000451
0.147180	-0.000440
0.147230	-0.000437
0.147280	-0.000438
0.147329	-0.000444
0.147379	-0.000450
0.147429	-0.000449
0.147478	-0.000448
0.147528	-0.000445
0.147578	-0.000444
0.147627	-0.000446
0.147677	-0.000444
0.147727	-0.000437
0.147776	-0.000434
0.147826	-0.000433
0.147876	-0.000432
0.147925	-0.000440
0.147975	-0.000446
0.148025	-0.000443
0.148075	-0.000436
0.148124	-0.000429
0.148174	-0.000425
0.148224	-0.000428
0.148273	-0.000435
0.148323	-0.000441
0.148373	-0.000443
0.148422	-0.000439
0.148472	-0.000435
0.148522	-0.000433
0.148571	-0.000434
0.148621	-0.000437
0.148671	-0.000438
0.148721	-0.000435
0.148770	-0.000432
0.148820	-0.000434
0.148870	-0.000439
0.148919	-0.000445
0.148969	-0.000450
0.149019	-0.000446
0.149068	-0.000435
0.149118	-0.000430
0.149168	-0.000433
0.149217	-0.000440
0.149267	-0.000449
0.149317	-0.000453
0.149366	-0.000451
0.149416	-0.000445
0.149466	-0.000442
0.149516	-0.000444
0.149565	-0.000450
0.149615	-0.000454
0.149665	-0.000454
0.149714	-0.000452
0.149764	-0.000453
0.149814	-0.000457
0.149863	-0.000459
0.149913	-0.000458
0.149963	-0.000452
0.150012	-0.000445
0.150062	-0.000447
0.150112	-0.000457
0.150161	-0.000462
0.150211	-0.000460
0.150261	-0.000454
0.150311	-0.000451
0.150360	-0.000452
0.150410	-0.000456
0.150460	-0.000457
0.150509	-0.000453
0.150559	-0.000450
0.150609	-0.000452
0.150658	-0.000458
0.150708	-0.000461
0.150758	-0.000458
0.150807	-0.000452
0.150857	-0.000447
0.150907	-0.000449
0.150957	-0.000456
0.151006	-0.000461
0.151056	-0.000460
0.151106	-0.000454
0.151155	-0.000451
0.151205	-0.000456
0.151255	-0.000462
0.151304	-0.000461
0.151354	-0.000456
0.151404	-0.000451
0.151453	-0.000450
0.151503	-0.000455
0.151553	-0.000461
0.151602	-0.000458
0.151652	-0.000452
0.151702	-0.000449
0.151752	-0.000450
0.151801	-0.000455
0.151851	-0.000460
0.151901	-0.000459
0.151950	-0.000452
0.152000	-0.000447
0.152050	-0.000451
0.152099	-0.000457
0.152149	-0.000458
0.152199	-0.000456
0.152248	-0.000452
0.152298	-0.000451
0.152348	-0.000454
0.152398	-0.000457
0.152447	-0.000457
0.152497	-0.000454
0.152547	-0.000448
0.152596	-0.000445
0.152646	-0.000451
0.152696	-0.000458
0.152745	-0.000460
0.152795	-0.000457
0.152845	-0.000452
0.152894	-0.000450
0.152944	-0.000454
0.152994	-0.000458
0.153043	-0.000455
0.153093	-0.000449
0.153143	-0.000447
0.153193	-0.000450
0.153242	-0.000458
0.153292	-0.000461
0.153342	-0.000459
0.153391	-0.000455
0.153441	-0.000450
0.153491	-0.000448
0.153540	-0.000452
0.153590	-0.000458
0.153640	-0.000457
0.153689	-0.000452
0.153739	-0.000449
0.153789	-0.000451
0.153839	-0.000455
0.153888	-0.000456
0.153938	-0.000454
0.153988	-0.000450
0.154037	-0.000447
0.154087	-0.000450
0.154137	-0.000458
0.154186	-0.000460
0.154236	-0.000456
0.154286	-0.000449
0.154335	-0.000446
0.154385	-0.000450
0.154435	-0.000455
0.154484	-0.000458
0.154534	-0.000458
0.154584	-0.000455
0.154634	-0.000450
0.154683	-0.000449
0.154733	-0.000455
0.154783	-0.000458
0.154832	-0.000454
0.154882	-0.000449
0.154932	-0.000450
0.154981	-0.000454
0.155031	-0.000460
0.155081	-0.000461
0.155130	-0.000454
0.155180	-0.000446
0.155230	-0.000443
0.155280	-0.000449
0.155329	-0.000456
0.155379	-0.000458
0.155429	-0.000455
0.155478	-0.000451
0.155528	-0.000448
0.155578	-0.000450
0.155627	-0.000456
0.155677	-0.000455
0.155727	-0.000451
0.155776	-0.000447
0.155826	-0.000448
0.155876	-0.000453
0.155925	-0.000459
0.155975	-0.000460
0.156025	-0.000456
0.156075	-0.000449
0.156124	-0.000443
0.156174	-0.000448
0.156224	-0.000458
0.156273	-0.000462
0.156323	-0.000456
0.156373	-0.000449
0.156422	-0.000446
0.156472	-0.000447
0.156522	-0.000454
0.156571	-0.000458
0.156621	-0.000454
0.156671	-0.000450
0.156721	-0.000449
0.156770	-0.000452
0.156820	-0.000457
0.156870	-0.000458
0.156919	-0.000452
0.156969	-0.000445
0.157019	-0.000440
0.157068	-0.000442
0.157118	-0.000451
0.157168	-0.000460
0.157217	-0.000462
0.157267	-0.000456
0.157317	-0.000449
0.157366	-0.000445
0.157416	-0.000446
0.157466	-0.000453
0.157516	-0.000457
0.157565	-0.000456
0.157615	-0.000453
0.157665	-0.000454
0.157714	-0.000456
0.157764	-0.000458
0.157814	-0.000458
0.157863	-0.000454
0.157913	-0.000449
0.157963	-0.000446
0.158012	-0.000449
0.158062	-0.000457
0.158112	-0.000460
0.158161	-0.000455
0.158211	-0.000450
0.158261	-0.000447
0.158311	-0.000447
0.158360	-0.000453
0.158410	-0.000456
0.158460	-0.000453
0.158509	-0.000449
0.158559	-0.000446
0.158609	-0.000447
0.158658	-0.000453
0.158708	-0.000457
0.158758	-0.000455
0.158807	-0.000449
0.158857	-0.000446
0.158907	-0.000446
0.158957	-0.000447
0.159006	-0.000453
0.159056	-0.000458
0.159106	-0.000458
0.159155	-0.000452
0.159205	-0.000446
0.159255	-0.000446
0.159304	-0.000453
0.159354	-0.000456
0.159404	-0.000454
0.159453	-0.000452
0.159503	-0.000448
0.159553	-0.000446
0.159602	-0.000451
0.159652	-0.000457
0.159702	-0.000454
0.159752	-0.000447
0.159801	-0.000443
0.159851	-0.000445
0.159901	-0.000447
0.159950	-0.000452
0.160000	-0.000458
0.160050	-0.000457
0.160099	-0.000450
0.160149	-0.000443
0.160199	-0.000442
0.160248	-0.000447
0.160298	-0.000454
0.160348	-0.000456
0.160398	-0.000453
0.160447	-0.000449
0.160497	-0.000447
0.160547	-0.000451
0.160596	-0.000455
0.160646	-0.000455
0.160696	-0.000451
0.160745	-0.000447
0.160795	-0.000445
0.160845	-0.000446
0.160894	-0.000452
0.160944	-0.000459
0.160994	-0.000460
0.161043	-0.000453
0.161093	-0.000445
0.161143	-0.000442
0.161193	-0.000443
0.161242	-0.000449
0.161292	-0.000455
0.161342	-0.000456
0.161391	-0.000452
0.161441	-0.000449
0.161491	-0.000447
0.161540	-0.000449
0.161590	-0.000451
0.161640	-0.000452
0.161689	-0.000448
0.161739	-0.000444
0.161789	-0.000443
0.161839	-0.000444
0.161888	-0.000451
0.161938	-0.000459
0.161988	-0.000455
0.162037	-0.000446
0.162087	-0.000440
0.162137	-0.000439
0.162186	-0.000443
0.162236	-0.000453
0.162286	-0.000457
0.162335	-0.000454
0.162385	-0.000449
0.162435	-0.000444
0.162484	-0.000440
0.162534	-0.000444
0.162584	-0.000451
0.162634	-0.000454
0.162683	-0.000453
0.162733	-0.000447
0.162783	-0.000443
0.162832	-0.000445
0.162882	-0.000448
0.162932	-0.000451
0.162981	-0.000453
0.163031	-0.000450
0.163081	-0.000445
0.163130	-0.000442
0.163180	-0.000442
0.163230	-0.000448
0.163280	-0.000454
0.163329	-0.000453
0.163379	-0.000449
0.163429	-0.000441
0.163478	-0.000436
0.163528	-0.000440
0.163578	-0.000448
0.163627	-0.000450
0.163677	-0.000449
0.163727	-0.000448
0.163776	-0.000443
0.163826	-0.000440
0.163876	-0.000441
0.163925	-0.000446
0.163975	-0.000451
0.164025	-0.000451
0.164075	-0.000448
0.164124	-0.000446
0.164174	-0.000443
0.164224	-0.000442
0.164273	-0.000447
0.164323	-0.000452
0.164373	-0.000454
0.164422	-0.000450
0.164472	-0.000442
0.164522	-0.000436
0.164571	-0.000434
0.164621	-0.000442
0.164671	-0.000451
0.164721	-0.000453
0.164770	-0.000448
0.164820	-0.000442
0.164870	-0.000437
0.164919	-0.000435
0.164969	-0.000438
0.165019	-0.000446
0.165068	-0.000450
0.165118	-0.000448
0.165168	-0.000446
0.165217	-0.000444
0.165267	-0.000442
0.165317	-0.000442
0.165366	-0.000445
0.165416	-0.000450
0.165466	-0.000447
0.165516	-0.000442
0.165565	-0.000441
0.165615	-0.000441
0.165665	-0.000442
0.165714	-0.000449
0.165764	-0.000454
0.165814	-0.000452
0.165863	-0.000447
0.165913	-0.000441
0.165963	-0.000437
0.166012	-0.000437
0.166062	-0.000443
0.166112	-0.000449
0.166161	-0.000450
0.166211	-0.000448
0.166261	-0.000443
0.166311	-0.000438
0.166360	-0.000435
0.166410	-0.000434
0.166460	-0.000441
0.166509	-0.000448
0.166559	-0.000449
0.166609	-0.000448
0.166658	-0.000443
0.166708	-0.000439
0.166758	-0.000435
0.166807	-0.000436
0.166857	-0.000444
0.166907	-0.000449
0.166957	-0.000447
0.167006	-0.000445
0.167056	-0.000442
0.167106	-0.000438
0.167155	-0.000435
0.167205	-0.000439
0.167255	-0.000446
0.167304	-0.000447
0.167354	-0.000445
0.167404	-0.000441
0.167453	-0.000438
0.167503	-0.000438
0.167553	-0.000440
0.167602	-0.000444
0.167652	-0.000446
0.167702	-0.000444
0.167752	-0.000440
0.167801	-0.000437
0.167851	-0.000435
0.167901	-0.000435
0.167950	-0.000438
0.168000	-0.000443
0.168050	-0.000444
0.168099	-0.000443
0.168149	-0.000442
0.168199	-0.000436
0.168248	-0.000432
0.168298	-0.000433
0.168348	-0.000437
0.168398	-0.000442
0.168447	-0.000447
0.168497	-0.000448
0.168547	-0.000443
0.168596	-0.000435
0.168646	-0.000430
0.168696	-0.000430
0.168745	-0.000432
0.168795	-0.000438
0.168845	-0.000447
0.168894	-0.000450
0.168944	-0.000446
0.168994	-0.000438
0.169043	-0.000433
0.169093	-0.000433
0.169143	-0.000435
0.169193	-0.000439
0.169242	-0.000448
0.169292	-0.000451
0.169342	-0.000447
0.169391	-0.000441
0.169441	-0.000436
0.169491	-0.000434
0.169540	-0.000434
0.169590	-0.000438
0.169640	-0.000445
0.169689	-0.000448
0.169739	-0.000444
0.169789	-0.000437
0.169839	-0.000432
0.169888	-0.000433
0.169938	-0.000436
0.169988	-0.000441
0.170037	-0.000444
0.170087	-0.000446
0.170137	-0.000446
0.170186	-0.000443
0.170236	-0.000438
0.170286	-0.000435
0.170335	-0.000434
0.170385	-0.000440
0.170435	-0.000446
0.170484	-0.000446
0.170534	-0.000444
0.170584	-0.000440
0.170634	-0.000435
0.170683	-0.000433
0.170733	-0.000434
0.170783	-0.000437
0.170832	-0.000443
0.170882	-0.000445
0.170932	-0.000441
0.170981	-0.000437
0.171031	-0.000433
0.171081	-0.000431
0.171130	-0.000432
0.171180	-0.000436
0.171230	-0.000439
0.171280	-0.000441
0.171329	-0.000443
0.171379	-0.000442
0.171429	-0.000435
0.171478	-0.000430
0.171528	-0.000433
0.171578	-0.000434
0.171627	-0.000435
0.171677	-0.000441
0.171727	-0.000447
0.171776	-0.000445
0.171826	-0.000440
0.171876	-0.000436
0.171925	-0.000433
0.171975	-0.000435
0.172025	-0.000437
0.172075	-0.000440
0.172124	-0.000445
0.172174	-0.000444
0.172224	-0.000442
0.172273	-0.000436
0.172323	-0.000431
0.172373	-0.000429
0.172422	-0.000431
0.172472	-0.000432
0.172522	-0.000436
0.172571	-0.000442
0.172621	-0.000443
0.172671	-0.000439
0.172721	-0.000436
0.172770	-0.000433
0.172820	-0.000431
0.172870	-0.000428
0.172919	-0.000431
0.172969	-0.000437
0.173019	-0.000441
0.173068	-0.000441
0.173118	-0.000441
0.173168	-0.000437
0.173217	-0.000429
0.173267	-0.000429
0.173317	-0.000432
0.173366	-0.000434
0.173416	-0.000438
0.173466	-0.000443
0.173516	-0.000443
0.173565	-0.000438
0.173615	-0.000432
0.173665	-0.000430
0.173714	-0.000430
0.173764	-0.000429
0.173814	-0.000430
0.173863	-0.000433
0.173913	-0.000439
0.173963	-0.000441
0.174012	-0.000438
0.174062	-0.000435
0.174112	-0.000432
0.174161	-0.000429
0.174211	-0.000428
0.174261	-0.000428
0.174311	-0.000429
0.174360	-0.000435
0.174410	-0.000440
0.174460	-0.000439
0.174509	-0.000436
0.174559	-0.000434
0.174609	-0.000430
0.174658	-0.000429
0.174708	-0.000430
0.174758	-0.000430
0.174807	-0.000433
0.174857	-0.000439
0.174907	-0.000442
0.174957	-0.000441
0.175006	-0.000440
0.175056	-0.000436
0.175106	-0.000431
0.175155	-0.000428
0.175205	-0.000428
0.175255	-0.000431
0.175304	-0.000437
0.175354	-0.000441
0.175404	-0.000441
0.175453	-0.000439
0.175503	-0.000435
0.175553	-0.000431
0.175602	-0.000430
0.175652	-0.000428
0.175702	-0.000428
0.175752	-0.000432
0.175801	-0.000438
0.175851	-0.000441
0.175901	-0.000441
0.175950	-0.000439
0.176000	-0.000436
0.176050	-0.000432
0.176099	-0.000428
0.176149	-0.000429
0.176199	-0.000434
0.176248	-0.000439
0.176298	-0.000441
0.176348	-0.000441
0.176398	-0.000441
0.176447	-0.000436
0.176497	-0.000430
0.176547	-0.000430
0.176596	-0.000431
0.176646	-0.000432
0.176696	-0.000437
0.176745	-0.000442
0.176795	-0.000442
0.176845	-0.000439
0.176894	-0.000435
0.176944	-0.000431
0.176994	-0.000428
0.177043	-0.000426
0.177093	-0.000429
0.177143	-0.000433
0.177193	-0.000436
0.177242	-0.000439
0.177292	-0.000441
0.177342	-0.000439
0.177391	-0.000434
0.177441	-0.000431
0.177491	-0.000430
0.177540	-0.000429
0.177590	-0.000430
0.177640	-0.000434
0.177689	-0.000438
0.177739	-0.000439
0.177789	-0.000438
0.177839	-0.000438
0.177888	-0.000435
0.177938	-0.000430
0.177988	-0.000427
0.178037	-0.000426
0.178087	-0.000424
0.178137	-0.000426
0.178186	-0.000433
0.178236	-0.000439
0.178286	-0.000439
0.178335	-0.000437
0.178385	-0.000434
0.178435	-0.000428
0.178484	-0.000421
0.178534	-0.000421
0.178584	-0.000423
0.178634	-0.000426
0.178683	-0.000431
0.178733	-0.000437
0.178783	-0.000440
0.178832	-0.000438
0.178882	-0.000436
0.178932	-0.000429
0.178981	-0.000424
0.179031	-0.000421
0.179081	-0.000422
0.179130	-0.000425
0.179180	-0.000429
0.179230	-0.000435
0.179280	-0.000439
0.179329	-0.000439
0.179379	-0.000438
0.179429	-0.000432
0.179478	-0.000427
0.179528	-0.000425
0.179578	-0.000426
0.179627	-0.000426
0.179677	-0.000426
0.179727	-0.000428
0.179776	-0.000431
0.179826	-0.000434
0.179876	-0.000434
0.179925	-0.000432
0.179975	-0.000430
0.180025	-0.000426
0.180075	-0.000422
0.180124	-0.000420
0.180174	-0.000420
0.180224	-0.000421
0.180273	-0.000422
0.180323	-0.000426
0.180373	-0.000431
0.180422	-0.000437
0.180472	-0.000435
0.180522	-0.000430
0.180571	-0.000430
0.180621	-0.000427
0.180671	-0.000420
0.180721	-0.000420
0.180770	-0.000424
0.180820	-0.000424
0.180870	-0.000424
0.180919	-0.000431
0.180969	-0.000437
0.181019	-0.000435
0.181068	-0.000431
0.181118	-0.000430
0.181168	-0.000429
0.181217	-0.000423
0.181267	-0.000415
0.181317	-0.000415
0.181366	-0.000421
0.181416	-0.000422
0.181466	-0.000422
0.181516	-0.000427
0.181565	-0.000432
0.181615	-0.000431
0.181665	-0.000428
0.181714	-0.000429
0.181764	-0.000430
0.181814	-0.000426
0.181863	-0.000422
0.181913	-0.000422
0.181963	-0.000424
0.182012	-0.000421
0.182062	-0.000420
0.182112	-0.000426
0.182161	-0.000431
0.182211	-0.000435
0.182261	-0.000435
0.182311	-0.000434
0.182360	-0.000428
0.182410	-0.000422
0.182460	-0.000419
0.182509	-0.000416
0.182559	-0.000415
0.182609	-0.000415
0.182658	-0.000417
0.182708	-0.000423
0.182758	-0.000429
0.182807	-0.000430
0.182857	-0.000428
0.182907	-0.000430
0.182957	-0.000430
0.183006	-0.000423
0.183056	-0.000419
0.183106	-0.000420
0.183155	-0.000422
0.183205	-0.000420
0.183255	-0.000416
0.183304	-0.000419
0.183354	-0.000423
0.183404	-0.000421
0.183453	-0.000421
0.183503	-0.000431
0.183553	-0.000435
0.183602	-0.000430
0.183652	-0.000429
0.183702	-0.000430
0.183752	-0.000424
0.183801	-0.000416
0.183851	-0.000411
0.183901	-0.000413
0.183950	-0.000415
0.184000	-0.000414
0.184050	-0.000421
0.184099	-0.000429
0.184149	-0.000433
0.184199	-0.000428
0.184248	-0.000427
0.184298	-0.000426
0.184348	-0.000421
0.184398	-0.000416
0.184447	-0.000415
0.184497	-0.000415
0.184547	-0.000416
0.184596	-0.000418
0.184646	-0.000420
0.184696	-0.000419
0.184745	-0.000420
0.184795	-0.000422
0.184845	-0.000423
0.184894	-0.000425
0.184944	-0.000429
0.184994	-0.000430
0.185043	-0.000428
0.185093	-0.000425
0.185143	-0.000420
0.185193	-0.000416
0.185242	-0.000414
0.185292	-0.000410
0.185342	-0.000410
0.185391	-0.000413
0.185441	-0.000417
0.185491	-0.000422
0.185540	-0.000425
0.185590	-0.000428
0.185640	-0.000428
0.185689	-0.000423
0.185739	-0.000419
0.185789	-0.000419
0.185839	-0.000417
0.185888	-0.000414
0.185938	-0.000413
0.185988	-0.000415
0.186037	-0.000416
0.186087	-0.000413
0.186137	-0.000412
0.186186	-0.000410
0.186236	-0.000413
0.186286	-0.000418
0.186335	-0.000424
0.186385	-0.000430
0.186435	-0.000432
0.186484	-0.000431
0.186534	-0.000428
0.186584	-0.000423
0.186634	-0.000417
0.186683	-0.000414
0.186733	-0.000412
0.186783	-0.000412
0.186832	-0.000413
0.186882	-0.000415
0.186932	-0.000415
0.186981	-0.000415
0.187031	-0.000417
0.187081	-0.000417
0.187130	-0.000418
0.187180	-0.000421
0.187230	-0.000421
0.187280	-0.000421
0.187329	-0.000424
0.187379	-0.000425
0.187429	-0.000420
0.187478	-0.000416
0.187528	-0.000413
0.187578	-0.000408
0.187627	-0.000406
0.187677	-0.000408
0.187727	-0.000410
0.187776	-0.000411
0.187826	-0.000412
0.187876	-0.000413
0.187925	-0.000419
0.187975	-0.000423
0.188025	-0.000424
0.188075	-0.000423
0.188124	-0.000424
0.188174	-0.000422
0.188224	-0.000421
0.188273	-0.000419
0.188323	-0.000418
0.188373	-0.000414
0.188422	-0.000409
0.188472	-0.000408
0.188522	-0.000410
0.188571	-0.000406
0.188621	-0.000405
0.188671	-0.000406
0.188721	-0.000407
0.188770	-0.000403
0.188820	-0.000406
0.188870	-0.000412
0.188919	-0.000416
0.188969	-0.000417
0.189019	-0.000420
0.189068	-0.000422
0.189118	-0.000421
0.189168	-0.000420
0.189217	-0.000419
0.189267	-0.000419
0.189317	-0.000414
0.189366	-0.000409
0.189416	-0.000405
0.189466	-0.000406
0.189516	-0.000408
0.189565	-0.000407
0.189615	-0.000408
0.189665	-0.000409
0.189714	-0.000409
0.189764	-0.000407
0.189814	-0.000409
0.189863	-0.000409
0.189913	-0.000412
0.189963	-0.000414
0.190012	-0.000416
0.190062	-0.000419
0.190112	-0.000420
0.190161	-0.000420
0.190211	-0.000419
0.190261	-0.000416
0.190311	-0.000412
0.190360	-0.000411
0.190410	-0.000408
0.190460	-0.000405
0.190509	-0.000406
0.190559	-0.000408
0.190609	-0.000407
0.190658	-0.000407
0.190708	-0.000408
0.190758	-0.000407
0.190807	-0.000405
0.190857	-0.000405
0.190907	-0.000406
0.190957	-0.000410
0.191006	-0.000412
0.191056	-0.000413
0.191106	-0.000418
0.191155	-0.000421
0.191205	-0.000420
0.191255	-0.000418
0.191304	-0.000418
0.191354	-0.000418
0.191404	-0.000416
0.191453	-0.000413
0.191503	-0.000411
0.191553	-0.000410
0.191602	-0.000408
0.191652	-0.000404
0.191702	-0.000404
0.191752	-0.000406
0.191801	-0.000403
0.191851	-0.000402
0.191901	-0.000405
0.191950	-0.000406
0.192000	-0.000405
0.192050	-0.000403
0.192099	-0.000406
0.192149	-0.000408
0.192199	-0.000412
0.192248	-0.000415
0.192298	-0.000420
0.192348	-0.000423
0.192398	-0.000420
0.192447	-0.000418
0.192497	-0.000418
0.192547	-0.000418
0.192596	-0.000414
0.192646	-0.000410
0.192696	-0.000410
0.192745	-0.000410
0.192795	-0.000408
0.192845	-0.000406
0.192894	-0.000402
0.192944	-0.000405
0.192994	-0.000404
0.193043	-0.000399
0.193093	-0.000398
0.193143	-0.000399
0.193193	-0.000402
0.193242	-0.000404
0.193292	-0.000404
0.193342	-0.000401
0.193391	-0.000402
0.193441	-0.000403
0.193491	-0.000405
0.193540	-0.000408
0.193590	-0.000411
0.193640	-0.000413
0.193689	-0.000416
0.193739	-0.000418
0.193789	-0.000417
0.193839	-0.000418
0.193888	-0.000417
0.193938	-0.000417
0.193988	-0.000414
0.194037	-0.000410
0.194087	-0.000408
0.194137	-0.000409
0.194186	-0.000407
0.194236	-0.000404
0.194286	-0.000403
0.194335	-0.000401
0.194385	-0.000400
0.194435	-0.000401
0.194484	-0.000402
0.194534	-0.000399
0.194584	-0.000399
0.194634	-0.000401
0.194683	-0.000401
0.194733	-0.000404
0.194783	-0.000402
0.194832	-0.000399
0.194882	-0.000398
0.194932	-0.000399
0.194981	-0.000402
0.195031	-0.000405
0.195081	-0.000406
0.195130	-0.000406
0.195180	-0.000410
0.195230	-0.000411
0.195280	-0.000409
0.195329	-0.000412
0.195379	-0.000415
0.195429	-0.000413
0.195478	-0.000412
0.195528	-0.000412
0.195578	-0.000412
0.195627	-0.000412
0.195677	-0.000409
0.195727	-0.000406
0.195776	-0.000406
0.195826	-0.000406
0.195876	-0.000405
0.195925	-0.000404
0.195975	-0.000402
0.196025	-0.000401
0.196075	-0.000400
0.196124	-0.000400
0.196174	-0.000399
0.196224	-0.000397
0.196273	-0.000399
0.196323	-0.000402
0.196373	-0.000400
0.196422	-0.000398
0.196472	-0.000397
0.196522	-0.000397
0.196571	-0.000397
0.196621	-0.000399
0.196671	-0.000399
0.196721	-0.000400
0.196770	-0.000402
0.196820	-0.000399
0.196870	-0.000394
0.196919	-0.000394
0.196969	-0.000395
0.197019	-0.000399
0.197068	-0.000401
0.197118	-0.000403
0.197168	-0.000401
0.197217	-0.000400
0.197267	-0.000400
0.197317	-0.000400
0.197366	-0.000401
0.197416	-0.000402
0.197466	-0.000406
0.197516	-0.000408
0.197565	-0.000410
0.197615	-0.000410
0.197665	-0.000409
0.197714	-0.000410
0.197764	-0.000411
0.197814	-0.000410
0.197863	-0.000409
0.197913	-0.000410
0.197963	-0.000410
0.198012	-0.000408
0.198062	-0.000407
0.198112	-0.000408
0.198161	-0.000407
0.198211	-0.000402
0.198261	-0.000398
0.198311	-0.000400
0.198360	-0.000402
0.198410	-0.000399
0.198460	-0.000399
0.198509	-0.000397
0.198559	-0.000397
0.198609	-0.000395
0.198658	-0.000395
0.198708	-0.000396
0.198758	-0.000396
